nturbs = 10
yaw_angles = np.array([ 9.65139482,  1.5595672 ,  1.07506613, 16.29272946, 25.46690201,
       13.84936437,  0.        ,  0.        ,  0.        ,  0.        ])
nturbs = 20
yaw_angles = np.array([ 0.        ,  9.33747585, 26.8036645 ,  3.44881415,  0.        ,
        0.43748583, 25.22879145,  6.46858742,  1.06391865,  0.        ,
       26.25401088,  1.97836954,  5.86188573,  0.28574489, 10.01193381,
       24.30598349,  0.        ,  0.        ,  0.        ,  0.        ])
nturbs = 30
yaw_angles = np.array([19.13790972,  0.        ,  0.        , 12.62647978,  4.00642267,
       21.21414644,  0.        ,  0.        , 14.28529033,  0.        ,
        4.73667549,  1.77320533,  7.65756952, 21.36893605, 14.12410508,
        0.        ,  1.28330288,  2.65635069,  1.38337164,  0.51722389,
       19.43929052,  0.        ,  0.        ,  0.55369806, 25.64048955,
        0.        ,  0.        ,  0.        ,  0.        ,  0.        ])
nturbs = 40
yaw_angles = np.array([ 0.        , 19.45125852,  0.        , 18.84404603,  0.        ,
        0.        , 12.47624262, 22.62591581,  0.        ,  6.60889284,
        0.        , 19.28696618, 23.56544321,  5.3223843 ,  0.        ,
        7.86374133,  0.        , 17.69313609,  0.        ,  0.        ,
        0.67215786,  0.        , 17.53202194, 22.54715798, 22.1384153 ,
        0.        ,  7.11571765,  0.        ,  0.        ,  0.        ,
        0.        ,  0.        ,  0.        ,  0.86794854,  0.        ,
        0.        ,  0.        ,  0.        ,  0.        ,  0.        ])
nturbs = 50
yaw_angles = np.array([0.00000000e+00, 1.96437663e+01, 5.32377783e+00, 1.99983660e+01,
       0.00000000e+00, 0.00000000e+00, 0.00000000e+00, 1.26318412e+01,
       5.64705605e-01, 2.02421625e+01, 1.00374052e+01, 0.00000000e+00,
       7.24693443e-01, 0.00000000e+00, 3.73963773e-05, 1.20057135e+01,
       0.00000000e+00, 0.00000000e+00, 2.65446447e+00, 1.14239860e+01,
       9.01476930e+00, 0.00000000e+00, 0.00000000e+00, 1.47824667e+01,
       1.65035741e+01, 5.30840183e+00, 1.33938365e+01, 0.00000000e+00,
       4.45025280e+00, 0.00000000e+00, 1.06171526e+01, 0.00000000e+00,
       7.11560345e+00, 0.00000000e+00, 6.22972950e+00, 0.00000000e+00,
       3.73963773e-05, 0.00000000e+00, 0.00000000e+00, 0.00000000e+00,
       2.63909501e-06, 0.00000000e+00, 0.00000000e+00, 0.00000000e+00,
       0.00000000e+00, 0.00000000e+00, 0.00000000e+00, 0.00000000e+00,
       0.00000000e+00, 0.00000000e+00])
nturbs = 60
yaw_angles = np.array([0.00000000e+00, 0.00000000e+00, 1.89029960e+01, 5.07832596e+00,
       2.98007914e+01, 0.00000000e+00, 1.68454569e+01, 0.00000000e+00,
       4.68171907e+00, 0.00000000e+00, 1.96170482e+01, 0.00000000e+00,
       0.00000000e+00, 9.98355198e+00, 0.00000000e+00, 2.23576800e+01,
       2.39366605e+01, 1.57525886e+01, 0.00000000e+00, 5.56817718e+00,
       1.80496863e-02, 3.35078882e+00, 0.00000000e+00, 0.00000000e+00,
       5.37344487e+00, 0.00000000e+00, 0.00000000e+00, 4.46701970e+00,
       0.00000000e+00, 0.00000000e+00, 1.68889141e-01, 0.00000000e+00,
       2.41201255e+01, 0.00000000e+00, 2.84752502e-08, 0.00000000e+00,
       1.86445108e+01, 2.06225663e+01, 0.00000000e+00, 1.04785629e+01,
       0.00000000e+00, 0.00000000e+00, 1.91552845e+01, 1.79719672e+00,
       8.22516746e-01, 2.93655784e-07, 2.05338686e+01, 2.38429016e+01,
       8.27630600e+00, 0.00000000e+00, 0.00000000e+00, 0.00000000e+00,
       0.00000000e+00, 0.00000000e+00, 0.00000000e+00, 0.00000000e+00,
       0.00000000e+00, 0.00000000e+00, 0.00000000e+00, 0.00000000e+00])
nturbs = 70
yaw_angles = np.array([0.00000000e+00, 1.15869472e+01, 1.17939503e+01, 0.00000000e+00,
       0.00000000e+00, 1.78395497e+01, 0.00000000e+00, 0.00000000e+00,
       0.00000000e+00, 7.78617200e+00, 0.00000000e+00, 0.00000000e+00,
       2.48773461e+01, 0.00000000e+00, 0.00000000e+00, 1.67633977e+01,
       0.00000000e+00, 3.90988075e+00, 1.88350183e-13, 0.00000000e+00,
       9.10858977e+00, 3.81449871e-06, 2.40652572e+01, 0.00000000e+00,
       0.00000000e+00, 2.36185020e+01, 1.08303072e+01, 3.21537505e+00,
       1.04193364e+01, 0.00000000e+00, 0.00000000e+00, 0.00000000e+00,
       1.87631562e+00, 1.72086878e+01, 0.00000000e+00, 0.00000000e+00,
       3.16815584e-07, 0.00000000e+00, 2.14459188e+01, 0.00000000e+00,
       2.85626584e+01, 8.02715456e+00, 0.00000000e+00, 7.16514118e+00,
       1.45299736e+00, 0.00000000e+00, 4.79282503e+00, 0.00000000e+00,
       1.10426981e-06, 0.00000000e+00, 1.56812707e+00, 0.00000000e+00,
       0.00000000e+00, 2.51155247e+01, 7.70307273e-15, 0.00000000e+00,
       1.10585458e-13, 0.00000000e+00, 0.00000000e+00, 3.30578504e-06,
       9.50716115e-02, 1.17625842e+01, 0.00000000e+00, 0.00000000e+00,
       0.00000000e+00, 0.00000000e+00, 0.00000000e+00, 0.00000000e+00,
       0.00000000e+00, 0.00000000e+00])
nturbs = 80
yaw_angles = np.array([ 0.        , 22.41221684, 19.24986082,  0.        , 14.97709696,
        0.        ,  8.623611  , 13.60129898, 29.45909107, 11.63385302,
        8.89529995, 25.99910972,  0.        , 25.65700406,  0.        ,
       17.98770386,  3.26709352,  0.        ,  0.        , 22.74741549,
        4.09378655,  0.        ,  0.        ,  0.        ,  1.73389755,
        4.95377193,  0.        , 13.27595866, 24.88209855,  0.        ,
        4.00918598, 16.23116543,  0.        , 13.64596679,  0.        ,
        0.        , 22.08139816,  0.        ,  0.        ,  0.        ,
        0.        ,  0.        ,  4.27622765,  4.24440899,  4.82981705,
       20.16633589, 18.80649337,  0.        ,  3.28072378, 22.06080582,
        0.        ,  0.        ,  1.51069793,  0.        ,  0.        ,
        0.        ,  1.58291415, 16.07406294,  0.        , 11.7684571 ,
        0.        , 14.6049701 ,  0.        ,  2.62048463, 10.87286476,
        0.        ,  6.1940427 ,  0.        ,  0.        ,  0.        ,
        0.        , 17.27780709,  0.        ,  0.        ,  0.        ,
        0.        ,  0.        ,  0.        ,  0.        ,  0.        ])
nturbs = 90
yaw_angles = np.array([18.60679817,  0.        ,  0.        , 11.69090567,  0.        ,
        0.        , 29.29139027, 18.65635377, 12.13537032, 18.39128059,
        5.42473519, 25.22465104, 27.8138563 , 23.79786378, 17.568653  ,
        0.        , 12.62568382,  6.78734959, 10.01395522,  0.        ,
       16.32345404, 24.86067493, 14.24120259,  0.        , 20.6350703 ,
        0.        , 30.        ,  0.        ,  0.        , 19.06183623,
       18.34581553,  0.        , 24.96415333,  3.06303013,  4.58296469,
        0.        ,  0.        ,  9.26457297,  0.        ,  9.72680262,
        7.9450353 ,  0.        , 10.63238681, 28.16331859, 17.21946776,
        1.54759195, 16.53668658,  4.56903359,  9.09143489, 20.1241382 ,
       21.84542738, 27.18432034,  2.85160255,  1.83033003,  0.        ,
        0.        , 21.92564942, 10.54760182, 11.15824829,  7.86733857,
       16.2196624 , 16.3762096 , 22.65550378,  0.        ,  0.        ,
        0.        ,  0.        ,  4.2065848 ,  0.        , 15.11692156,
       14.52028618,  0.        ,  0.        ,  0.        ,  0.        ,
        0.        ,  0.        ,  0.        , 15.83744054, 25.88512219,
        0.        ,  0.        ,  0.        ,  0.        ,  0.        ,
        0.        ,  0.        ,  0.        ,  0.        ,  0.        ])
nturbs = 100
yaw_angles = np.array([2.50921333e+01, 2.23200063e-12, 1.24809017e-09, 3.13329111e+00,
       0.00000000e+00, 3.99274870e+00, 1.82040284e+01, 1.73266467e+01,
       3.92367374e-10, 0.00000000e+00, 1.21235293e+01, 6.22157050e-01,
       9.65408996e+00, 1.38864008e+01, 0.00000000e+00, 7.85062576e+00,
       0.00000000e+00, 2.57625236e+01, 1.12068933e+01, 0.00000000e+00,
       2.24903215e+01, 2.02644505e+01, 3.00000000e+01, 1.10831872e+01,
       0.00000000e+00, 9.59786989e+00, 0.00000000e+00, 0.00000000e+00,
       2.82387600e+00, 0.00000000e+00, 2.04944065e+00, 4.44598206e-12,
       0.00000000e+00, 1.25848947e-10, 0.00000000e+00, 1.75236322e-10,
       1.89008325e+01, 0.00000000e+00, 0.00000000e+00, 7.10068937e+00,
       2.74222229e+01, 0.00000000e+00, 0.00000000e+00, 1.81672510e+01,
       3.92041039e-12, 0.00000000e+00, 7.15019109e-13, 1.15892658e+01,
       5.51029711e+00, 1.17476449e+01, 1.50501383e+01, 1.97790486e+01,
       0.00000000e+00, 0.00000000e+00, 1.05151262e-12, 0.00000000e+00,
       1.46338199e-07, 3.67434692e-10, 0.00000000e+00, 1.16347046e-10,
       1.07590469e+01, 4.37727621e-08, 0.00000000e+00, 2.05331414e-07,
       0.00000000e+00, 2.24502038e+00, 1.03874280e+01, 0.00000000e+00,
       0.00000000e+00, 1.10054196e+01, 2.33095380e+01, 7.68640359e+00,
       1.00432356e+01, 8.37599480e+00, 1.23092160e-07, 7.50696537e+00,
       1.86425166e-10, 0.00000000e+00, 0.00000000e+00, 0.00000000e+00,
       1.39003507e+01, 6.02404846e-13, 1.81261875e+01, 1.11762727e-10,
       7.48682786e-08, 1.80498942e-07, 5.75096574e-10, 0.00000000e+00,
       0.00000000e+00, 0.00000000e+00, 0.00000000e+00, 0.00000000e+00,
       0.00000000e+00, 0.00000000e+00, 0.00000000e+00, 0.00000000e+00,
       0.00000000e+00, 0.00000000e+00, 0.00000000e+00, 0.00000000e+00])
