nturbs = 10
yaw_angles = np.array([22.56901809, 14.92529669, 22.74839186,  0.        ,  0.        ,
        0.        ,  0.        ,  0.        ,  0.        ,  0.        ])
nturbs = 20
yaw_angles = np.array([11.11346498,  0.        ,  0.        ,  0.        , 16.75334325,
        0.        , 29.03401501,  1.25844512,  0.        ,  2.67455265,
        0.        ,  0.        ,  0.        ,  0.        ,  0.        ,
        0.        ,  0.        ,  0.        ,  0.        ,  0.        ])
nturbs = 30
yaw_angles = np.array([ 0.        ,  0.        ,  0.        , 17.08994436,  0.        ,
        0.        ,  0.        ,  4.29441324,  8.14858035, 14.6890732 ,
       11.43399746, 28.6234315 ,  0.        ,  0.        ,  0.        ,
       30.        ,  2.03444403, 15.39642263,  0.        ,  0.        ,
        0.        ,  0.        ,  0.        ,  0.        , 11.31734378,
        0.        ,  0.        ,  0.        ,  0.        ,  0.        ])
nturbs = 40
yaw_angles = np.array([ 0.        , 17.40515039,  0.        , 23.27479793, 26.89407575,
        0.        ,  0.        ,  8.41489541,  7.61975378,  0.        ,
        7.3407972 , 16.16760354, 21.53191554,  0.        ,  9.08346151,
        0.        , 21.40665959,  1.12459953,  2.9136825 ,  0.        ,
       11.34164627,  0.        ,  1.33350719,  0.57287751, 14.91128284,
       20.86877369,  8.7268379 , 24.03978432,  0.        ,  0.        ,
        0.        ,  0.        ,  0.        ,  0.        ,  0.        ,
        0.        ,  0.        ,  0.        ,  0.        ,  0.        ])
nturbs = 50
yaw_angles = np.array([16.52879831, 26.70713021, 10.98030724, 16.92340788, 19.00604606,
        0.        ,  0.        ,  9.22424961, 28.85691432,  0.        ,
        0.        , 18.49577173,  0.        , 11.05921215, 12.60528423,
       19.14985891,  0.        ,  0.        ,  0.        , 15.47289842,
        5.42783792,  0.        ,  5.92922408,  0.30154399, 23.99799037,
        0.        ,  0.        , 24.32706821,  8.48238499,  0.        ,
        8.05875132, 25.71953911, 16.64837851, 10.15732288,  0.        ,
        0.        ,  0.        ,  0.        ,  0.        ,  0.        ,
        0.        , 23.50704766,  0.        ,  0.        ,  0.        ,
        0.        ,  0.        ,  0.        ,  0.        ,  0.        ])
nturbs = 60
yaw_angles = np.array([ 0.        , 22.13765986, 25.03981738,  0.        ,  0.        ,
       24.88998602,  0.        , 13.48417564,  7.08462875, 14.06737711,
        0.        ,  5.21803592, 22.94065671,  7.53577211,  7.05664177,
        4.33676668,  0.        , 17.68623475,  0.        ,  5.53612642,
       10.33186393,  0.        ,  6.71103898, 13.04058948, 21.44639491,
        6.68228341, 30.        , 19.72153391,  7.05179451, 12.97022366,
        4.9126158 , 24.6315042 , 14.29886704,  0.        , 10.8702133 ,
       15.53346021,  0.        ,  0.        , 21.51015946,  0.        ,
       10.35261858, 20.42947851, 19.88077466,  0.        , 20.58075387,
        2.8016636 ,  0.        ,  4.74076381,  0.        ,  0.        ,
        0.        ,  0.        ,  0.        ,  0.        ,  0.        ,
        0.        ,  0.        ,  0.        ,  0.        ,  0.        ])
nturbs = 70
yaw_angles = np.array([26.7899429 ,  0.        ,  0.        ,  0.        ,  0.        ,
        0.        ,  0.        ,  8.92567375, 23.35961988, 17.13195032,
        0.        , 19.5129771 ,  0.        , 29.23192188,  0.        ,
        0.        ,  8.89793302,  0.        , 10.40841208,  2.79671722,
        4.16715344,  0.        , 10.87226806,  3.62969387,  0.        ,
        2.05243124,  0.        ,  6.84149326, 22.47626069,  5.25660495,
        0.        , 12.44495813,  0.        ,  0.        ,  0.        ,
        0.        ,  4.90269075,  0.        ,  6.83327468,  0.        ,
       12.0606602 ,  4.38503985,  0.        ,  0.        ,  0.        ,
        0.        , 21.11124423,  9.56259231, 11.86757341,  0.        ,
        0.        ,  1.54536685,  5.37008827,  9.94736081,  0.        ,
        0.        ,  0.        ,  0.        ,  0.        ,  0.        ,
       25.25202531,  0.        ,  0.        ,  0.        ,  0.        ,
        0.        ,  0.        ,  0.        ,  0.        ,  0.        ])
nturbs = 80
yaw_angles = np.array([ 0.        , 11.28205967, 23.3182617 ,  0.        , 25.42284524,
        0.        ,  0.60208698, 14.18664022, 18.35506409, 29.34310528,
        0.        , 20.16521082,  0.        ,  0.        , 26.40212567,
       11.94616902, 26.5991455 ,  0.        ,  0.        , 21.4000871 ,
        9.83383864,  9.69314098,  0.        ,  3.90710824, 10.40086608,
        9.67312534,  0.        , 13.24749159,  0.        ,  0.        ,
        4.76437409, 30.        ,  0.        , 18.07833877, 14.16345034,
       21.22919757, 18.39545095,  1.34201919,  3.4556719 ,  0.        ,
        0.        ,  6.96752752, 14.51875537,  0.        ,  2.41076236,
        1.64241483, 12.49212301, 18.09862848, 19.20209618, 15.43797881,
        0.        , 24.16733645,  0.        , 12.41306629, 10.97715464,
        0.        ,  0.        ,  1.11544616,  3.2855915 , 14.53867918,
        0.        , 12.66341352,  2.52220504, 20.50174029,  0.        ,
        0.        , 24.59956716,  0.        ,  0.        ,  0.        ,
        0.        ,  0.        ,  0.        ,  0.        ,  0.        ,
        0.        ,  0.        ,  0.        ,  0.        ,  0.        ])
nturbs = 90
yaw_angles = np.array([19.74485257,  0.        ,  0.        , 25.43068982,  0.        ,
        0.        , 11.52658465,  0.        , 25.85924071,  0.        ,
        0.        ,  0.        ,  1.35593751,  3.47792888,  6.0878894 ,
        1.94794609, 15.41488287, 19.05678804, 13.85812831, 19.57293032,
       23.71708589, 17.43029044, 15.45417844, 20.90453705,  0.        ,
       16.35732372, 23.49005996,  9.82787366, 10.0333739 ,  0.        ,
        2.22499946,  0.48549421,  0.        , 19.69742014, 17.41483956,
        0.        ,  8.55646949,  0.        , 23.66571888, 18.51345014,
        0.        ,  3.83548428,  0.        ,  0.        ,  0.        ,
       25.64041883,  9.13874805,  0.        , 18.60799097,  0.        ,
        0.        , 19.51997041,  6.15395062, 16.85056021, 16.92044178,
        0.        ,  5.83734405,  2.78450181, 10.01083975,  3.68640349,
        2.96789329,  0.        ,  0.        , 21.02665229,  0.        ,
        1.72097533,  0.        ,  7.11425964,  0.        ,  0.        ,
        0.        , 18.97633838,  0.        ,  0.        ,  9.54057568,
        0.        ,  0.        ,  0.        , 19.53558574,  0.        ,
        0.        ,  0.        ,  0.        ,  0.        ,  0.        ,
        0.        ,  0.        ,  0.        ,  0.        ,  0.        ])
nturbs = 100
yaw_angles = np.array([13.33895386, 23.91343916,  0.        ,  0.        , 19.23174092,
        0.        ,  0.        , 16.19544721, 26.67825689,  8.05309348,
        0.        ,  0.        ,  0.        , 27.13625054,  0.        ,
       12.00758727,  0.        ,  7.53632298, 12.92408389,  7.23088719,
        0.        , 15.27740633, 17.19600575,  0.        , 21.25936969,
       27.78294525,  1.99817629,  0.        ,  0.        ,  0.        ,
        7.87749659, 22.70953775,  1.61661063, 24.23213876,  0.        ,
       18.65666432, 18.82674342, 15.91708258, 12.4306758 ,  6.73651009,
        5.48675993,  0.        ,  1.56099585,  6.94554275,  0.        ,
        4.47613801, 12.33800825,  0.        , 24.43556736,  0.        ,
       17.42681458, 22.04846116, 15.11926533, 12.00024213,  2.55229543,
       17.22523802,  4.08879293,  0.        , 20.06301197, 11.58126532,
        0.        , 10.21600483,  0.        ,  8.00347003,  7.09180674,
        0.        , 11.7151748 ,  0.        ,  0.        ,  9.74775958,
        8.62826337,  0.        ,  8.38059346,  0.        , 16.49825214,
       10.75323823, 19.22572014,  0.        ,  0.77387555,  0.        ,
        0.        , 19.49385712,  2.2127968 ,  0.        ,  0.        ,
        0.        ,  0.        ,  0.        ,  0.        , 22.35344686,
        0.        ,  0.        ,  0.        ,  0.        ,  0.        ,
        0.        ,  0.        ,  0.        ,  0.        ,  0.        ])
