nturbs = 10
yaw_angles = np.array([ 0.        , 30.        ,  0.        ,  2.11281125, 21.11406493,
        0.        ,  0.        ,  0.        ,  0.        ,  0.        ])
nturbs = 20
yaw_angles = np.array([ 0.        ,  6.92358578, 15.15450705,  7.57042498,  0.        ,
       18.9891324 ,  0.        , 24.60603512,  0.        ,  3.72971469,
        0.44337347, 24.34391955,  0.        ,  0.        ,  0.        ,
        0.        ,  0.        ,  0.        ,  0.        ,  0.        ])
nturbs = 30
yaw_angles = np.array([26.20143403, 22.51964476, 19.68477513,  0.        , 15.48258053,
       30.        , 14.1057621 ,  0.        ,  0.        ,  0.        ,
       14.44488292, 30.        ,  0.42180594,  0.        , 15.00957591,
        7.54962147, 22.30780636,  0.        ,  0.        ,  1.77330457,
        0.89631122, 13.92235352,  0.        ,  0.79426029,  0.        ,
        0.        ,  0.        ,  0.        ,  0.        ,  0.        ])
nturbs = 40
yaw_angles = np.array([ 0.        ,  0.95244447, 13.85077164, 20.56971222,  0.        ,
        0.        ,  0.        , 16.42587087, 12.70166772, 18.6427503 ,
        1.18790079, 21.57686743,  0.        ,  0.        ,  0.        ,
        0.        , 16.45367069, 26.63218958, 26.75506276,  0.        ,
        0.        ,  0.        ,  3.97793878,  5.37614586,  7.07057726,
        2.35119984,  0.        ,  0.        ,  0.        ,  0.        ,
        0.        ,  0.        ,  0.        ,  0.        ,  0.        ,
        0.        ,  0.        ,  0.        ,  0.        ,  0.        ])
nturbs = 50
yaw_angles = np.array([ 0.        , 14.67228392,  0.        ,  0.        ,  0.        ,
       28.96168388,  0.        , 11.39017645,  0.        ,  0.        ,
        7.12223928, 13.85482182,  9.91046886, 21.58779147, 14.03647372,
        0.        ,  7.33763615, 22.79537609, 18.41996082,  0.        ,
        4.93327548,  8.42249947,  0.        ,  0.        ,  0.        ,
        0.        , 25.79354707,  7.46996749,  7.43779618, 10.12182836,
       19.68731254,  0.        ,  0.        ,  0.        , 20.06605366,
        0.        ,  0.        ,  0.        ,  0.        ,  4.96064388,
        0.        ,  0.        ,  0.        ,  0.        ,  0.        ,
        0.        ,  0.        ,  0.        ,  0.        ,  0.        ])
nturbs = 60
yaw_angles = np.array([4.39915543e+00, 0.00000000e+00, 0.00000000e+00, 1.45116282e+01,
       0.00000000e+00, 0.00000000e+00, 1.48577219e+01, 2.19407328e+01,
       1.96588048e+01, 3.48929977e+00, 0.00000000e+00, 1.88555200e+01,
       1.27893351e+01, 1.04934701e+01, 0.00000000e+00, 1.07824930e+01,
       1.20440877e+01, 0.00000000e+00, 1.43569364e+01, 0.00000000e+00,
       0.00000000e+00, 2.60218285e+01, 0.00000000e+00, 0.00000000e+00,
       1.64856186e+01, 3.07497837e+00, 0.00000000e+00, 1.19915266e+00,
       1.04723133e+01, 0.00000000e+00, 1.20945856e+01, 2.79781374e+01,
       2.26049653e+01, 0.00000000e+00, 2.81862393e+01, 0.00000000e+00,
       0.00000000e+00, 8.80082486e+00, 0.00000000e+00, 0.00000000e+00,
       8.23211786e+00, 0.00000000e+00, 0.00000000e+00, 2.91785039e-05,
       0.00000000e+00, 0.00000000e+00, 1.10058977e+01, 0.00000000e+00,
       0.00000000e+00, 0.00000000e+00, 0.00000000e+00, 4.54317300e-07,
       0.00000000e+00, 0.00000000e+00, 0.00000000e+00, 0.00000000e+00,
       0.00000000e+00, 0.00000000e+00, 0.00000000e+00, 0.00000000e+00])
nturbs = 70
yaw_angles = np.array([0.00000000e+00, 9.31200183e-02, 2.29064703e+01, 0.00000000e+00,
       1.55077994e+01, 3.72654587e+00, 1.57611581e+01, 0.00000000e+00,
       0.00000000e+00, 1.40010936e+01, 5.47975479e+00, 5.42531073e-01,
       1.00632366e+01, 0.00000000e+00, 1.96614601e+01, 0.00000000e+00,
       1.41832691e+01, 0.00000000e+00, 0.00000000e+00, 2.53442416e+01,
       5.86773141e-01, 0.00000000e+00, 1.30531489e+01, 0.00000000e+00,
       1.33942955e+01, 1.77618230e+01, 0.00000000e+00, 2.72103964e+00,
       6.46728456e+00, 3.00273930e-06, 0.00000000e+00, 4.79272191e+00,
       0.00000000e+00, 2.08815331e+01, 0.00000000e+00, 0.00000000e+00,
       0.00000000e+00, 1.11028271e+01, 0.00000000e+00, 0.00000000e+00,
       1.45629210e+01, 4.00939170e+00, 2.44652183e+01, 3.80761850e-06,
       0.00000000e+00, 0.00000000e+00, 3.03626497e-06, 0.00000000e+00,
       6.61028551e+00, 1.14914833e+01, 1.67873823e+01, 1.51044260e+01,
       0.00000000e+00, 1.50814882e+01, 0.00000000e+00, 0.00000000e+00,
       0.00000000e+00, 1.02394176e+01, 0.00000000e+00, 0.00000000e+00,
       0.00000000e+00, 0.00000000e+00, 0.00000000e+00, 0.00000000e+00,
       0.00000000e+00, 0.00000000e+00, 0.00000000e+00, 0.00000000e+00,
       0.00000000e+00, 0.00000000e+00])
nturbs = 80
yaw_angles = np.array([ 0.        ,  0.        ,  0.        ,  0.        , 27.3618497 ,
       29.2363727 , 29.20636497, 12.73059305,  0.        , 13.61916954,
       27.87243664,  0.        ,  0.        ,  0.        , 20.20606755,
        0.        ,  0.        , 10.62549295, 21.17459274,  7.55672895,
        5.14399705, 20.11136634, 12.71527333,  0.        ,  8.17917964,
        0.        , 24.9541296 , 17.42565272,  9.32051846,  2.51808576,
       16.24127827,  6.71432023,  0.        ,  0.        ,  0.        ,
       27.76084884, 16.96575143, 25.04171881,  0.        ,  6.75060311,
        4.20435499, 17.83363044,  0.        ,  4.36569832, 10.74092327,
       10.49872781,  0.        ,  5.51531038,  0.        , 10.00135318,
        0.        ,  7.94405504,  1.97587571, 16.35734594,  0.        ,
        2.64307534,  0.        , 11.05618616, 12.23294711,  3.88922089,
        0.        ,  0.        ,  0.        , 21.05020686,  0.        ,
        0.        ,  0.        ,  0.        ,  0.        ,  0.        ,
        0.        ,  0.        ,  0.        ,  0.        ,  0.        ,
        0.        ,  0.        ,  0.        ,  0.        ,  0.        ])
nturbs = 90
yaw_angles = np.array([ 0.        ,  0.        , 14.44255344, 15.07574197,  0.        ,
       24.96902464, 15.63512712,  0.        , 16.37833689,  0.        ,
        0.        ,  0.        , 25.36166486,  4.07149334,  0.        ,
        0.        ,  6.6585668 ,  0.        ,  0.        , 30.        ,
        0.        ,  0.        ,  2.4012425 , 27.34716208,  0.        ,
       20.86594115,  5.10758573,  0.        ,  0.        , 13.97040326,
       23.45799755,  0.        ,  0.        , 24.34922378,  3.86038726,
        6.58336944,  0.        , 21.72135745,  0.        , 10.43569498,
        0.        ,  1.93427114,  0.        , 11.6240503 , 17.86260801,
        7.91144492,  0.        ,  0.        , 12.30401743,  4.21652579,
        0.        ,  0.        ,  0.        ,  9.5567815 ,  0.        ,
       12.46668671,  0.        , 16.51971495, 13.88016718, 14.58776031,
        0.        ,  0.91874496,  0.        ,  0.        ,  0.        ,
        0.        ,  0.        ,  0.        ,  0.        ,  0.        ,
       23.84144201,  0.        ,  0.        ,  0.        ,  0.        ,
        0.        ,  0.        ,  0.        ,  0.        ,  0.        ,
        0.        ,  0.        ,  0.        ,  0.        ,  0.        ,
        0.        ,  0.        ,  0.        ,  0.        ,  0.        ])
nturbs = 100
yaw_angles = np.array([1.08805499e+01, 7.24538277e+00, 1.96973592e+01, 0.00000000e+00,
       0.00000000e+00, 0.00000000e+00, 0.00000000e+00, 1.92686076e+01,
       2.91969815e+01, 1.54585122e+01, 0.00000000e+00, 0.00000000e+00,
       0.00000000e+00, 1.97034576e+01, 0.00000000e+00, 0.00000000e+00,
       0.00000000e+00, 3.00000000e+01, 1.10396209e+00, 1.70671156e+01,
       0.00000000e+00, 5.10913197e+00, 2.65984636e+01, 9.03024251e+00,
       4.67067228e+00, 0.00000000e+00, 0.00000000e+00, 0.00000000e+00,
       0.00000000e+00, 5.74744508e+00, 1.54432345e+01, 9.07413103e+00,
       5.84052093e-06, 3.00000000e+01, 0.00000000e+00, 2.16454882e+01,
       1.25918541e+01, 0.00000000e+00, 1.18665981e+01, 4.40735263e+00,
       1.35473547e+01, 0.00000000e+00, 0.00000000e+00, 1.39190012e+01,
       0.00000000e+00, 0.00000000e+00, 0.00000000e+00, 0.00000000e+00,
       2.04972506e+01, 0.00000000e+00, 0.00000000e+00, 0.00000000e+00,
       1.09488522e+01, 4.86468309e+00, 7.55758787e+00, 0.00000000e+00,
       0.00000000e+00, 0.00000000e+00, 0.00000000e+00, 8.90181830e+00,
       8.31530932e+00, 0.00000000e+00, 2.80896921e+01, 0.00000000e+00,
       0.00000000e+00, 0.00000000e+00, 0.00000000e+00, 7.80705005e+00,
       0.00000000e+00, 0.00000000e+00, 0.00000000e+00, 4.39182400e+00,
       0.00000000e+00, 4.00269930e+00, 0.00000000e+00, 1.00471186e+01,
       1.61362728e+01, 0.00000000e+00, 0.00000000e+00, 1.16754919e+01,
       2.10149111e+01, 1.75548911e+01, 0.00000000e+00, 1.91146835e+01,
       0.00000000e+00, 0.00000000e+00, 3.41294526e-06, 0.00000000e+00,
       0.00000000e+00, 0.00000000e+00, 0.00000000e+00, 0.00000000e+00,
       0.00000000e+00, 0.00000000e+00, 0.00000000e+00, 0.00000000e+00,
       0.00000000e+00, 0.00000000e+00, 0.00000000e+00, 0.00000000e+00])
