nturbs = 10
yaw_angles = np.array([ 0.        ,  0.        , 24.45517392,  0.        ,  0.        ,
        0.        ,  9.57315697,  0.        ,  0.        ,  0.        ])
nturbs = 20
yaw_angles = np.array([ 0.        ,  0.        ,  0.        ,  0.        ,  0.        ,
        0.        , 15.58807414, 14.25784376, 16.17933379,  1.10478708,
        0.        ,  0.59537365, 30.        ,  0.7251994 , 22.68931763,
        0.        ,  0.        ,  0.        ,  0.        ,  0.        ])
nturbs = 30
yaw_angles = np.array([0.00000000e+00, 5.31218454e-08, 0.00000000e+00, 9.99586986e+00,
       0.00000000e+00, 0.00000000e+00, 1.04441136e-06, 2.33492919e+01,
       1.32095975e-06, 6.99131128e+00, 0.00000000e+00, 6.11857597e+00,
       0.00000000e+00, 1.61129421e-07, 0.00000000e+00, 1.89606339e+01,
       2.54851286e-01, 0.00000000e+00, 0.00000000e+00, 0.00000000e+00,
       2.39945520e-01, 2.49479767e+01, 2.75486907e-09, 0.00000000e+00,
       0.00000000e+00, 0.00000000e+00, 0.00000000e+00, 0.00000000e+00,
       0.00000000e+00, 0.00000000e+00])
nturbs = 40
yaw_angles = np.array([0.00000000e+00, 0.00000000e+00, 0.00000000e+00, 1.12541268e+01,
       0.00000000e+00, 1.06676704e+00, 0.00000000e+00, 0.00000000e+00,
       1.51724678e+01, 0.00000000e+00, 2.15026177e+01, 5.74495253e-01,
       7.79882897e+00, 0.00000000e+00, 4.42684405e-01, 0.00000000e+00,
       1.95693410e+01, 0.00000000e+00, 1.90942138e+01, 0.00000000e+00,
       0.00000000e+00, 0.00000000e+00, 3.13047148e-01, 0.00000000e+00,
       1.95585101e+00, 0.00000000e+00, 7.77398148e+00, 0.00000000e+00,
       4.64887555e-09, 0.00000000e+00, 1.56555016e+00, 5.63434122e-01,
       2.16886615e+00, 0.00000000e+00, 0.00000000e+00, 0.00000000e+00,
       0.00000000e+00, 0.00000000e+00, 0.00000000e+00, 0.00000000e+00])
nturbs = 50
yaw_angles = np.array([0.00000000e+00, 2.70410068e+01, 4.18651408e+00, 1.56882208e+01,
       2.82204852e+01, 2.82724263e+01, 0.00000000e+00, 5.20421812e+00,
       2.74164412e+01, 1.45203545e+00, 1.45635457e+01, 1.31837620e+01,
       3.86489052e+00, 1.17543128e+01, 2.43117967e+01, 0.00000000e+00,
       1.88390375e+01, 2.51890548e-01, 7.31364968e+00, 7.95440181e+00,
       5.74723813e+00, 0.00000000e+00, 1.11297875e+01, 0.00000000e+00,
       1.79292034e+01, 3.99428712e+00, 0.00000000e+00, 0.00000000e+00,
       0.00000000e+00, 3.68277854e+00, 0.00000000e+00, 2.29646581e+00,
       1.99377131e+00, 0.00000000e+00, 0.00000000e+00, 1.12877826e+01,
       4.11452451e+00, 7.27010280e-04, 1.29862358e+00, 1.94292657e+01,
       0.00000000e+00, 0.00000000e+00, 0.00000000e+00, 0.00000000e+00,
       0.00000000e+00, 0.00000000e+00, 0.00000000e+00, 0.00000000e+00,
       0.00000000e+00, 0.00000000e+00])
nturbs = 60
yaw_angles = np.array([23.81003102, 17.95090141,  0.        , 16.79418054,  0.        ,
       16.28466568,  0.        ,  2.1748479 , 11.99706594,  4.82581462,
        0.        ,  0.        , 23.93432944,  4.33392159,  1.63278653,
        8.72650659,  7.82571443, 14.55227771,  0.        ,  0.        ,
       14.09413337,  0.        ,  0.        , 17.27630226,  0.        ,
        0.        ,  0.        ,  5.72891196,  7.27624494,  0.        ,
        0.        ,  0.        ,  0.93817232,  2.76821197, 23.68638949,
       10.95960336,  0.        ,  0.        ,  0.        ,  0.        ,
       11.26537708,  0.        ,  0.46835579,  5.7845736 ,  0.        ,
       11.74530434,  0.        ,  0.        ,  0.        ,  0.        ,
       20.08088177,  0.        ,  0.        ,  0.        ,  0.        ,
        0.        ,  0.        ,  0.        ,  0.        ,  0.        ])
