nturbs = 10
yaw_angles = np.array([ 0.4869249 ,  0.1366181 , 19.75049541,  0.        ,  5.12186498,
        0.        ,  0.        ,  0.        ,  0.        ,  0.        ])
nturbs = 20
yaw_angles = np.array([16.33837601,  0.        , 15.43573794, 24.93088453,  0.        ,
        0.        , 11.74247373,  0.        , 25.87562046, 23.45672316,
       21.1774569 ,  0.69352574,  4.42685839, 14.93172947,  0.        ,
        0.        ,  0.        ,  0.        ,  0.        ,  0.        ])
nturbs = 30
yaw_angles = np.array([ 0.        , 11.8779778 ,  0.        , 23.37896609, 19.84318255,
       19.22409   ,  7.49051737,  0.        ,  3.97778799, 27.72343832,
       25.85046141,  1.97520005, 10.82482792,  0.        ,  4.56474042,
       22.22935168,  0.        ,  0.        , 16.41042819, 18.52868839,
        1.01648506, 15.6749021 ,  0.        , 24.58330334,  0.        ,
        0.        ,  0.        ,  0.        ,  0.        ,  0.        ])
nturbs = 40
yaw_angles = np.array([1.58994664e+01, 8.14938311e+00, 1.52164232e+01, 0.00000000e+00,
       8.63440975e+00, 2.50670244e+01, 2.73286923e+01, 2.08632739e-13,
       4.17266716e-13, 2.80950725e+01, 0.00000000e+00, 0.00000000e+00,
       0.00000000e+00, 2.26439311e-02, 3.07445694e+00, 1.33901912e+01,
       1.45072357e+01, 0.00000000e+00, 0.00000000e+00, 0.00000000e+00,
       2.84111274e+01, 3.53366513e+00, 2.08633940e-13, 8.00290557e+00,
       2.43235959e-12, 1.29616441e+01, 3.38683866e+00, 2.08633168e-13,
       2.43235984e-12, 0.00000000e+00, 2.43236492e-12, 4.17267888e-13,
       2.43236486e-12, 2.89236624e-12, 0.00000000e+00, 0.00000000e+00,
       0.00000000e+00, 0.00000000e+00, 0.00000000e+00, 0.00000000e+00])
nturbs = 50
yaw_angles = np.array([19.61697654,  0.        , 26.67295571,  0.        , 14.91728496,
        0.        , 10.72677521, 17.57071757,  0.        ,  0.        ,
        0.        ,  1.08117828, 13.60457389,  0.        , 12.66531753,
       14.42782385, 19.34093727,  0.        , 26.20489055,  2.95840316,
        7.80584958, 25.15615291,  0.        ,  0.        ,  0.50341216,
        0.        ,  0.        ,  0.        ,  0.        , 25.01600414,
       18.11214041,  0.        ,  0.        , 18.37206832,  1.78537095,
        0.        ,  0.        ,  0.        ,  6.4833071 ,  0.        ,
        0.        , 23.79325036,  0.        ,  0.        ,  0.        ,
        0.        ,  0.        ,  0.        ,  0.        ,  0.        ])
nturbs = 60
yaw_angles = np.array([23.18919864, 28.87855789, 30.        ,  7.53231674, 28.83165059,
       13.8967444 , 26.27412381, 30.        , 11.649733  , 21.90307574,
       11.58239753, 18.07317385,  1.53691682, 22.37061641, 28.39660314,
        0.        ,  0.        ,  3.02989686, 22.32183021,  9.96054714,
        9.0236907 ,  0.        , 18.39249638,  0.        ,  0.        ,
        3.03126983,  0.        , 21.71145918,  3.08497911,  0.        ,
        0.        ,  0.        ,  3.42690719,  0.        ,  0.        ,
       30.        ,  0.        ,  4.84661723,  6.01867945, 14.08443551,
        0.        ,  0.        ,  0.        ,  0.        ,  0.        ,
        8.90408903,  0.        ,  0.        ,  0.        ,  0.        ,
        0.        ,  0.        ,  0.        ,  0.        ,  0.        ,
        0.        ,  0.        ,  0.        ,  0.        ,  0.        ])
nturbs = 70
yaw_angles = np.array([ 0.        ,  6.31653503, 23.05054519,  0.        ,  0.        ,
       12.03695583,  0.        ,  0.        , 11.5186352 , 19.94913778,
       13.84581041,  0.        ,  0.        ,  0.        ,  4.97164112,
        0.        ,  0.        ,  6.99336872,  0.        , 16.95504183,
        0.        ,  0.        , 15.77817602,  0.        ,  0.        ,
        0.        , 11.64253971,  0.        ,  6.23093515,  5.94905246,
        0.        ,  3.67201732, 13.35932106,  0.        , 26.47565399,
        0.        ,  0.        ,  9.82291056,  0.        ,  1.23644083,
        0.        ,  0.        , 21.20902489,  0.        , 24.46339546,
        0.        , 18.95227207,  0.        ,  0.        , 18.23037422,
        0.        ,  0.        , 13.58170504,  0.        ,  0.        ,
        0.        ,  0.        ,  0.        , 23.02243727,  0.        ,
        0.        ,  0.        ,  0.        ,  0.        ,  0.        ,
        0.        ,  0.        ,  0.        ,  0.        ,  0.        ])
nturbs = 80
yaw_angles = np.array([16.53979396, 10.86267902, 17.23818659, 12.06143121, 18.2689226 ,
       11.99673679,  0.        , 16.87102621, 17.73853186,  0.        ,
       27.62110957, 16.64558795, 25.89554989, 23.7458855 , 15.68078518,
       15.20529666, 23.64963108,  1.40754722, 16.17634217,  3.90010997,
        0.        ,  0.        ,  2.11961417,  1.24476286,  9.69353402,
        0.        , 12.86055458,  7.38078872,  2.15717563,  8.25119544,
        0.        , 15.41409131,  0.        ,  0.        ,  2.5150707 ,
        0.        ,  0.        ,  0.        ,  0.        ,  0.        ,
        0.        ,  0.        ,  0.        , 13.45867127,  0.        ,
       28.5183314 ,  0.        , 19.99296799,  0.        ,  3.13528794,
        4.08942286, 12.43569947,  0.        ,  0.        , 11.75058168,
       15.00026629,  9.96031584,  0.        ,  0.        ,  0.        ,
        8.38189802,  0.        ,  0.        ,  1.75801915,  0.        ,
        0.        , 13.26470441,  0.        ,  0.        , 25.64952915,
        0.        ,  0.        ,  0.        ,  0.        ,  0.        ,
        0.        ,  0.        ,  0.        ,  0.        ,  0.        ])
nturbs = 90
yaw_angles = np.array([1.60586752e+01, 0.00000000e+00, 0.00000000e+00, 1.17400588e+01,
       2.57112145e+01, 0.00000000e+00, 1.06287493e+01, 0.00000000e+00,
       1.79470889e+01, 0.00000000e+00, 0.00000000e+00, 1.62109902e+01,
       1.85280649e+01, 1.85261153e+01, 0.00000000e+00, 2.85018390e+00,
       2.93730110e+01, 1.42259216e-03, 1.46422815e+01, 6.52001381e+00,
       4.71573046e+00, 3.00000000e+01, 2.13466570e+01, 1.46337076e+01,
       1.61420169e+01, 0.00000000e+00, 8.32851576e+00, 4.16649681e+00,
       3.37356185e+00, 1.55953864e+01, 1.28855076e+01, 1.89727203e+01,
       7.31776313e+00, 0.00000000e+00, 8.73856091e-11, 9.49405434e+00,
       2.09128790e+01, 0.00000000e+00, 1.51234913e+00, 4.15166600e+00,
       5.71846270e+00, 0.00000000e+00, 0.00000000e+00, 2.17000391e+01,
       0.00000000e+00, 0.00000000e+00, 0.00000000e+00, 1.30410627e+01,
       6.42838908e-07, 8.69105852e+00, 9.91780804e+00, 1.55770135e+01,
       5.97171076e+00, 4.44024358e+00, 7.94339664e+00, 0.00000000e+00,
       0.00000000e+00, 2.61164965e+01, 8.44175111e+00, 2.24405824e+01,
       0.00000000e+00, 2.90955034e-07, 0.00000000e+00, 0.00000000e+00,
       1.79052795e+01, 0.00000000e+00, 0.00000000e+00, 2.04035525e+01,
       0.00000000e+00, 2.13452809e+01, 0.00000000e+00, 0.00000000e+00,
       9.33335253e+00, 0.00000000e+00, 0.00000000e+00, 1.34121628e-05,
       0.00000000e+00, 0.00000000e+00, 2.96851952e+00, 0.00000000e+00,
       0.00000000e+00, 0.00000000e+00, 0.00000000e+00, 0.00000000e+00,
       0.00000000e+00, 0.00000000e+00, 0.00000000e+00, 0.00000000e+00,
       0.00000000e+00, 0.00000000e+00])
nturbs = 100
yaw_angles = np.array([ 0.        ,  0.        ,  0.        ,  2.96092291,  0.        ,
        9.88052117,  0.        ,  0.        ,  0.        ,  0.        ,
        0.        ,  0.        , 10.26656807, 15.95187603,  0.        ,
       13.76472946,  0.        ,  4.28734959, 15.25612523, 10.99174737,
        0.        ,  0.        ,  4.81673057,  0.        , 26.87249989,
        0.        , 29.76006771,  0.        , 13.87354473,  9.70001527,
        0.        , 10.70771848, 10.39629604,  0.        , 20.94894928,
       13.26039535, 23.53441495,  0.        ,  0.        ,  0.        ,
        0.        ,  0.        ,  0.        , 15.89169658,  4.09876748,
       25.31290558, 24.27674065,  9.49826856,  3.63443767, 26.60950282,
        0.        ,  0.        , 16.23160807, 10.33983995,  0.        ,
       19.19494842,  0.        , 13.39334057,  6.11971039,  0.        ,
        0.        , 17.65037207,  0.        , 11.95659628,  0.        ,
        0.        ,  0.        ,  0.        ,  0.        ,  0.        ,
        0.        ,  0.        , 13.88801953,  0.        , 30.        ,
        0.        ,  0.        ,  0.        ,  0.        ,  0.        ,
        0.        ,  0.        ,  0.        , 14.06832809,  0.        ,
        4.29636573,  0.        ,  0.        ,  0.        ,  0.        ,
        0.        ,  0.        ,  0.        ,  0.        ,  0.        ,
        0.        ,  0.        ,  0.        ,  0.        ,  0.        ])
