nturbs = 10
yaw_angles = np.array([26.041579  ,  4.51464649, 14.32063945, 19.7200572 ,  0.        ,
        0.        ,  0.        ,  0.        ,  0.        ,  0.        ])
nturbs = 20
yaw_angles = np.array([ 0.        ,  5.02175564,  0.        ,  0.        ,  0.        ,
        0.        ,  0.        , 22.0170396 ,  4.33174162,  1.27867466,
        0.        ,  4.33604707,  0.        ,  0.        ,  4.71516804,
        0.        ,  0.        ,  0.        ,  0.        ,  0.        ])
nturbs = 30
yaw_angles = np.array([ 0.        , 14.72565698,  0.        ,  0.        ,  0.        ,
       20.35490315, 16.41792084,  0.        ,  3.44060673, 14.54626321,
        0.        ,  0.        ,  0.        , 15.15447018,  0.        ,
        0.        ,  1.27622795,  0.        ,  0.        ,  0.        ,
       10.9139535 ,  0.        ,  0.        ,  6.80121005,  0.        ,
        0.        ,  0.        ,  0.        ,  0.        ,  0.        ])
nturbs = 40
yaw_angles = np.array([ 0.        ,  0.        ,  0.        ,  0.        , 19.51304361,
        0.        , 21.87183154,  7.75199531, 28.17805952, 17.77314094,
        4.20483997,  5.54978377, 19.15916212,  1.85086847, 14.08260481,
       16.04822719,  9.25464499, 12.35373151,  0.        , 19.35276289,
        0.        , 11.36669312,  3.26365229,  6.81059149,  0.        ,
        0.        ,  0.        ,  0.        ,  8.64799126,  0.        ,
        0.        ,  0.        ,  0.        ,  0.        ,  0.        ,
        0.        ,  0.        ,  0.        ,  0.        ,  0.        ])
nturbs = 50
yaw_angles = np.array([11.89075662, 13.24383387, 24.96181065, 29.02601509,  9.94063408,
        7.30882134, 20.70891403,  0.        , 21.23880166,  6.95235463,
       17.39098615,  4.51887305,  0.        , 18.33623627,  0.        ,
       24.65738003, 20.15371555,  0.        , 14.08554834, 15.6019677 ,
        7.20341665,  0.        , 10.57580604,  2.92081456, 13.58085644,
        0.        ,  3.77158628, 19.67311009,  0.        , 29.10868339,
        3.01171487, 14.59788348, 19.90161554,  1.12193021,  1.70940745,
        0.        ,  0.        ,  2.46147604,  0.        ,  0.        ,
       19.27547981, 24.83387882,  0.        ,  0.        ,  0.        ,
        0.        ,  0.        ,  0.        ,  0.        ,  0.        ])
nturbs = 60
yaw_angles = np.array([ 7.29988123,  0.        , 25.61268629,  0.        , 20.81685295,
        0.        , 25.1765748 , 17.3848811 , 29.94182165,  0.        ,
       19.62350372,  0.        , 27.33936936,  8.11277682,  2.34662433,
        0.        , 11.83428578,  0.        , 18.84618033,  0.        ,
        0.        ,  6.96685143, 19.53250818,  0.        ,  0.        ,
        2.11275188,  0.        ,  0.        ,  0.        ,  8.66529486,
        0.        ,  9.05374297, 11.50313918, 21.8253239 , 16.82624047,
        0.        ,  5.41691419,  4.109234  , 15.60989155,  0.        ,
        0.        ,  1.42959894,  0.        ,  0.        , 13.67339152,
        0.        ,  0.        ,  0.        ,  0.33363792,  0.        ,
       20.49385791,  0.        ,  0.        ,  0.        ,  0.        ,
        0.        ,  0.        ,  0.        ,  0.        ,  0.        ])
nturbs = 70
yaw_angles = np.array([ 0.        ,  0.        , 25.09869262, 28.5403501 ,  0.        ,
       26.95718911, 16.66412181,  0.        , 13.07050305,  2.93821348,
       10.49241288,  2.39676054, 11.76212155,  0.        , 30.        ,
       14.38153381, 14.76581378, 13.24896583,  0.        ,  2.16794559,
       23.92641411, 17.82551843,  0.        ,  0.        ,  8.79257563,
        2.00539062, 25.57902586, 25.0062135 , 16.95976764, 11.98295695,
        3.08939691,  3.72738995,  5.86646491,  3.03425341, 21.99772795,
        4.99403303, 20.9636721 ,  9.63611887,  0.        , 15.20793363,
       10.92821441,  2.8949239 , 18.79144044,  4.4936506 ,  0.69965207,
       21.49951617,  0.        ,  0.        ,  0.        ,  5.78103102,
        0.        ,  0.        ,  0.        , 19.28811016, 20.87469023,
       24.27662531,  0.        ,  0.        , 17.55579563,  0.        ,
        0.        ,  0.        ,  0.        ,  0.        ,  0.        ,
        0.        ,  0.        ,  0.        ,  0.        ,  0.        ])
nturbs = 80
yaw_angles = np.array([23.19374405,  0.        , 15.56097797, 21.8833626 ,  0.        ,
        2.08934426,  0.        ,  0.86735017,  2.11599717,  0.        ,
        0.        , 17.03122178, 27.03167381, 17.26046297,  7.19326176,
        0.        ,  0.        ,  0.        ,  6.88664039, 25.79211852,
       26.33114961, 15.23802703,  0.        ,  0.        , 23.97595863,
        0.        ,  0.        , 18.67788749,  0.        ,  0.        ,
       18.87357977, 12.13140019,  7.54910296, 11.53302622,  0.        ,
        0.        ,  0.        ,  0.        ,  0.        ,  0.        ,
       24.66485998, 26.5526573 ,  0.        ,  7.36666045,  0.        ,
        9.10814472, 24.96422672,  0.        ,  0.        , 15.93275095,
        2.93069619, 22.72263037, 14.54087318,  0.        ,  4.71650507,
       19.17764713,  0.        , 20.23037026, 11.17613359,  0.        ,
        0.        ,  0.        ,  0.        , 22.34751125,  0.        ,
        1.74590349,  0.        ,  0.        ,  0.        ,  0.        ,
        0.        ,  0.        ,  0.        ,  0.        ,  0.        ,
        0.        ,  0.        ,  0.        ,  0.        ,  0.        ])
nturbs = 90
yaw_angles = np.array([ 0.        , 12.72581473, 13.07228337,  0.        ,  0.        ,
        0.        ,  0.        ,  0.        ,  0.        , 20.98716006,
        0.        ,  3.87146785,  0.        ,  0.        , 19.5717449 ,
        0.        , 17.98758673,  0.        , 23.51203417,  0.        ,
        0.        , 21.72747161,  8.40190647, 18.69114662,  0.        ,
        0.        ,  5.63547017,  0.        , 11.44442103, 11.13517587,
       13.2510656 ,  0.        ,  0.        ,  0.        ,  0.        ,
       14.90713532, 11.26390024,  0.        , 19.65971647, 21.05180943,
       14.72037417,  0.        ,  0.        ,  0.        ,  9.57800391,
        0.        ,  0.        ,  0.        ,  0.        ,  9.58279439,
        0.09819191,  9.36764401,  0.        ,  0.        , 24.28834015,
       10.97519123,  0.        , 23.88447196,  0.        , 11.11399719,
        0.        ,  2.27296335,  4.02379469,  0.        , 21.04061938,
        0.        ,  0.        ,  1.08113227, 18.1035572 ,  9.77222596,
       13.0213461 ,  0.        ,  0.        , 11.47096965,  0.        ,
        0.        ,  2.11860569,  0.        ,  0.        ,  0.        ,
        0.        ,  0.        ,  0.        ,  0.        ,  0.        ,
        0.        ,  0.        ,  0.        ,  0.        ,  0.        ])
nturbs = 100
yaw_angles = np.array([ 0.        ,  0.2292876 ,  0.        , 22.63362756,  0.        ,
       25.02208522,  0.        , 13.54026742, 22.48533554,  0.        ,
       10.62927389,  0.        ,  0.        ,  9.62508834,  0.        ,
       26.8023188 ,  0.        , 12.60081764,  0.38873655,  0.        ,
       25.33295737, 11.28454198,  8.06933225,  0.        ,  0.        ,
       20.54374298, 26.09308523,  7.86716555, 11.28655959,  4.3855797 ,
       23.17623957,  5.81265389,  0.14949506, 11.78789365,  0.        ,
       14.5768773 ,  7.52410322,  8.88552217,  0.        ,  3.70987779,
        0.        ,  6.99123529, 11.03178613,  0.        ,  3.14276503,
        0.        , 21.83014362, 27.43226789,  3.36556472,  0.        ,
        0.        ,  0.        ,  3.93820877, 12.53824801,  7.15090833,
        0.14483724,  8.34482822, 26.6922793 , 17.79430731,  0.25522762,
       24.45191726,  2.86837727,  0.        ,  1.95253161, 10.64007231,
       18.01833956, 15.02991352, 14.30403798,  0.        ,  0.        ,
        9.01664445,  0.19111502,  4.76220292,  0.        ,  0.        ,
        0.        , 13.97315644, 18.92976834,  0.        , 18.25211765,
        0.        ,  0.        , 10.58356096, 15.50120077,  0.        ,
        0.        ,  0.        ,  0.        ,  0.        ,  0.        ,
        0.        ,  0.        ,  0.        ,  0.        ,  0.        ,
        0.        ,  0.        ,  0.        ,  0.        ,  0.        ])
