nturbs = 10
yaw_angles = np.array([24.10238209, 15.31627526, 19.89172203,  0.        ,  0.        ,
        0.        ,  0.        ,  0.        ,  0.        ,  0.        ])
nturbs = 20
yaw_angles = np.array([2.80652018e+01, 2.87778683e+01, 0.00000000e+00, 0.00000000e+00,
       3.41267976e-01, 1.14480690e+00, 8.34656250e+00, 1.96922233e+01,
       1.57239767e+01, 6.55343539e+00, 0.00000000e+00, 0.00000000e+00,
       0.00000000e+00, 8.23217662e-07, 6.65336030e-01, 0.00000000e+00,
       0.00000000e+00, 0.00000000e+00, 0.00000000e+00, 0.00000000e+00])
nturbs = 30
yaw_angles = np.array([1.54098276e+01, 2.82304309e+01, 5.69861482e+00, 2.41091042e+01,
       2.44278258e+01, 1.37857744e+01, 0.00000000e+00, 8.89146243e-01,
       0.00000000e+00, 2.33601291e+01, 2.12874184e+01, 4.95876562e+00,
       1.91622451e+01, 8.71178829e-01, 3.81213653e-01, 4.15436834e-01,
       2.55813099e+01, 0.00000000e+00, 2.42851043e+01, 1.96924864e+01,
       3.99095603e-01, 1.17876336e-05, 1.88882697e+01, 8.32800519e-01,
       4.44439227e-06, 0.00000000e+00, 0.00000000e+00, 0.00000000e+00,
       0.00000000e+00, 0.00000000e+00])
nturbs = 40
yaw_angles = np.array([3.92202715e-02, 0.00000000e+00, 2.03228870e+01, 0.00000000e+00,
       1.16357956e+01, 1.29396658e+01, 6.43641115e+00, 6.95104364e+00,
       1.31036589e+01, 0.00000000e+00, 0.00000000e+00, 0.00000000e+00,
       8.25052304e-01, 1.90550506e+01, 0.00000000e+00, 0.00000000e+00,
       0.00000000e+00, 1.08720323e+01, 1.00956336e+01, 2.59075938e+00,
       0.00000000e+00, 5.67972364e-03, 0.00000000e+00, 0.00000000e+00,
       7.19563970e+00, 0.00000000e+00, 6.01111511e+00, 0.00000000e+00,
       1.12836568e+01, 0.00000000e+00, 0.00000000e+00, 0.00000000e+00,
       0.00000000e+00, 0.00000000e+00, 0.00000000e+00, 0.00000000e+00,
       0.00000000e+00, 0.00000000e+00, 0.00000000e+00, 0.00000000e+00])
nturbs = 50
yaw_angles = np.array([2.31863371e+01, 0.00000000e+00, 0.00000000e+00, 4.71555297e+00,
       2.63669347e+01, 1.97053621e+01, 2.28897527e+01, 1.45368991e+01,
       3.23186128e+00, 9.65338977e+00, 3.48187905e+00, 0.00000000e+00,
       5.52883713e-01, 6.27611776e+00, 1.63933271e+01, 0.00000000e+00,
       7.78332252e-01, 2.11085125e+01, 0.00000000e+00, 3.10274583e+00,
       2.46334579e+00, 3.66120185e+00, 1.06910878e+01, 1.85642300e+01,
       0.00000000e+00, 2.56973681e+01, 1.93144690e+01, 0.00000000e+00,
       2.74759398e+01, 0.00000000e+00, 5.71765093e+00, 0.00000000e+00,
       7.22822747e+00, 1.76848760e+00, 1.52796559e+00, 1.73372972e+00,
       0.00000000e+00, 9.90403134e+00, 0.00000000e+00, 2.43204431e+01,
       1.26355283e-10, 0.00000000e+00, 0.00000000e+00, 0.00000000e+00,
       0.00000000e+00, 0.00000000e+00, 0.00000000e+00, 0.00000000e+00,
       0.00000000e+00, 0.00000000e+00])
nturbs = 60
yaw_angles = np.array([0.00000000e+00, 9.01673496e+00, 1.39023993e+01, 0.00000000e+00,
       0.00000000e+00, 0.00000000e+00, 0.00000000e+00, 0.00000000e+00,
       0.00000000e+00, 1.14030323e+01, 2.58134410e-01, 1.65239416e+01,
       2.58134410e-01, 2.32611681e+01, 2.32434789e+01, 0.00000000e+00,
       2.93463126e+00, 0.00000000e+00, 1.35603117e+01, 1.96581668e+01,
       6.71424209e+00, 0.00000000e+00, 1.22342175e+01, 2.87916128e+00,
       0.00000000e+00, 0.00000000e+00, 0.00000000e+00, 0.00000000e+00,
       0.00000000e+00, 1.62863865e-05, 0.00000000e+00, 0.00000000e+00,
       0.00000000e+00, 1.87848927e+01, 2.93475754e+00, 2.77232884e+00,
       2.30922985e+01, 2.32584219e+01, 3.44904548e+00, 8.49022625e+00,
       0.00000000e+00, 0.00000000e+00, 7.47810415e+00, 0.00000000e+00,
       0.00000000e+00, 1.85037730e+01, 0.00000000e+00, 0.00000000e+00,
       1.32583862e+01, 0.00000000e+00, 0.00000000e+00, 0.00000000e+00,
       0.00000000e+00, 0.00000000e+00, 0.00000000e+00, 0.00000000e+00,
       0.00000000e+00, 0.00000000e+00, 0.00000000e+00, 0.00000000e+00])
nturbs = 70
yaw_angles = np.array([ 0.        , 12.54999208,  0.        , 12.84229135,  8.42471351,
       14.75504979,  0.        , 24.22432676, 16.95952807,  0.        ,
        0.        , 19.36711736,  0.        ,  0.        ,  0.        ,
        0.        ,  0.        ,  4.93577414, 16.50403096,  9.6685988 ,
        0.        ,  0.        ,  0.        ,  0.        , 18.56616277,
        0.        ,  0.        ,  4.02786168,  0.        ,  0.        ,
        0.        , 27.33769282,  5.02636316,  7.70563668,  2.84981446,
        0.        ,  0.6038599 , 18.90741418,  2.97945946, 28.1611627 ,
       17.87024858,  5.5969041 , 23.79467513,  0.        , 20.73667204,
        0.        ,  5.28045399,  0.61082683,  0.        ,  0.        ,
        0.        ,  0.        , 10.88502013,  0.        ,  0.        ,
        0.        ,  0.        ,  3.21478527,  0.        ,  8.60089313,
        0.        ,  0.        ,  0.        ,  0.        ,  0.        ,
        0.        ,  0.        ,  0.        ,  0.        ,  0.        ])
nturbs = 80
yaw_angles = np.array([ 6.20542405,  0.        ,  0.        ,  0.        ,  0.        ,
        0.        ,  0.        ,  9.49289321,  0.        , 10.71873335,
       24.31619212,  0.        , 30.        ,  0.        ,  0.        ,
        0.        ,  3.62474266,  5.61491319,  6.00719605,  0.        ,
        0.        ,  0.        , 27.90828066, 23.05025622, 23.37198358,
        0.        ,  0.        ,  0.        ,  0.        ,  2.72148171,
        2.46736103,  9.61373238,  4.65447241,  2.76000445,  7.65505913,
        2.47177823,  0.        , 13.21409833,  0.        ,  8.98168652,
        0.        , 24.33599274,  0.        ,  0.        , 20.1746332 ,
       16.74150012,  4.08180765,  0.        ,  0.        , 23.27214761,
        0.        , 17.53596085,  9.83772079,  0.        , 16.4778674 ,
        0.        ,  0.        ,  0.        ,  0.        ,  0.        ,
        2.59373954,  0.        , 13.20173   ,  0.        ,  0.        ,
        0.        ,  0.        ,  0.        ,  0.        ,  0.        ,
       15.46708179,  0.        ,  0.        ,  0.        ,  0.        ,
        0.        ,  0.        ,  0.        ,  0.        ,  0.        ])
nturbs = 90
yaw_angles = np.array([0.00000000e+00, 2.03185305e+01, 2.40036222e-05, 4.17182144e+00,
       0.00000000e+00, 0.00000000e+00, 0.00000000e+00, 1.82915851e+01,
       2.14640877e+01, 0.00000000e+00, 0.00000000e+00, 1.35269263e+01,
       1.78903613e+00, 3.71776872e-05, 0.00000000e+00, 5.82712160e+00,
       0.00000000e+00, 3.34231516e-01, 6.95369770e+00, 0.00000000e+00,
       2.83629481e-05, 1.51680922e-05, 1.48839683e-05, 1.73118949e-05,
       1.10165178e+00, 1.14404105e-14, 0.00000000e+00, 5.45500654e-06,
       1.79131794e-05, 2.02070273e-05, 1.96015398e-05, 3.21866551e-01,
       1.17351576e-05, 2.96330634e+00, 0.00000000e+00, 0.00000000e+00,
       1.82144916e+01, 1.51548014e+01, 4.33039454e-04, 1.67094880e+01,
       3.62834783e-05, 1.44766831e+00, 1.70957953e+01, 9.88273807e+00,
       1.07324482e-05, 1.81664143e+01, 0.00000000e+00, 2.85091478e-05,
       2.57196024e-01, 7.63320854e+00, 1.05129813e+01, 8.49699649e+00,
       2.10728634e+01, 6.39656944e-06, 1.05039537e-05, 1.11811618e-05,
       1.37359790e+01, 1.09443918e-05, 2.73806992e-04, 5.06330719e+00,
       1.87003324e-05, 2.12655722e+01, 0.00000000e+00, 3.74488333e+00,
       3.81472673e-04, 6.63517840e-06, 7.82465199e+00, 6.10924792e+00,
       0.00000000e+00, 1.89950305e-05, 1.41317124e+01, 1.15458290e+01,
       8.04844225e-06, 0.00000000e+00, 1.87499851e-05, 9.48292223e+00,
       0.00000000e+00, 0.00000000e+00, 3.60960166e-02, 2.10100872e-04,
       0.00000000e+00, 0.00000000e+00, 0.00000000e+00, 0.00000000e+00,
       0.00000000e+00, 0.00000000e+00, 0.00000000e+00, 0.00000000e+00,
       0.00000000e+00, 0.00000000e+00])
nturbs = 100
yaw_angles = np.array([1.76022436e+01, 0.00000000e+00, 1.71496234e+01, 1.91450093e+01,
       2.21014095e+01, 2.55759548e+01, 3.02699877e-01, 0.00000000e+00,
       0.00000000e+00, 2.82818450e+01, 0.00000000e+00, 0.00000000e+00,
       0.00000000e+00, 0.00000000e+00, 9.13885696e+00, 0.00000000e+00,
       0.00000000e+00, 0.00000000e+00, 1.14810316e+01, 8.81283704e+00,
       0.00000000e+00, 2.31002510e+01, 1.90136621e+01, 1.60422096e+01,
       0.00000000e+00, 1.26760906e+01, 1.30023940e+01, 0.00000000e+00,
       2.85030332e+00, 0.00000000e+00, 7.74432052e+00, 1.40517529e+01,
       1.48191928e+01, 3.42938492e-02, 5.42805452e-01, 0.00000000e+00,
       1.55518840e+01, 1.04236057e+01, 0.00000000e+00, 1.68998055e+01,
       0.00000000e+00, 9.85159276e+00, 1.53483594e+01, 2.08805874e+01,
       1.31331879e+00, 2.76947759e+00, 1.30119526e+01, 1.72054425e+01,
       2.21665275e-01, 0.00000000e+00, 2.96285462e-02, 0.00000000e+00,
       7.69204916e+00, 1.01437176e+01, 9.53363455e-10, 0.00000000e+00,
       2.05218082e+00, 8.62224154e+00, 2.17860994e+01, 4.21311774e+00,
       9.06200375e-10, 0.00000000e+00, 2.06718310e+01, 0.00000000e+00,
       1.61518402e+01, 0.00000000e+00, 0.00000000e+00, 1.55193162e+00,
       1.34597612e+00, 1.16980443e+01, 3.04467185e+00, 0.00000000e+00,
       5.91355294e-01, 1.98025293e+01, 0.00000000e+00, 1.61884567e+01,
       2.10040278e+01, 0.00000000e+00, 0.00000000e+00, 0.00000000e+00,
       8.81007123e+00, 0.00000000e+00, 1.29339779e+01, 2.61753712e-09,
       0.00000000e+00, 0.00000000e+00, 0.00000000e+00, 2.43870452e+01,
       0.00000000e+00, 1.14514534e+01, 0.00000000e+00, 0.00000000e+00,
       0.00000000e+00, 0.00000000e+00, 0.00000000e+00, 0.00000000e+00,
       0.00000000e+00, 0.00000000e+00, 0.00000000e+00, 0.00000000e+00])
