nturbs = 10
yaw_angles = np.array([5., 5., 5., 5., 5., 5., 5., 5., 5., 0.])

nturbs = 20
yaw_angles = np.array([5., 5., 5., 5., 5., 5., 5., 5., 5., 5., 5., 5., 5., 5., 5., 5., 5.,
       5., 5., 0.])

nturbs = 30
yaw_angles = np.array([5., 5., 5., 5., 5., 5., 5., 5., 5., 5., 5., 5., 5., 5., 5., 5., 5.,
       5., 5., 5., 5., 5., 5., 5., 5., 5., 5., 5., 5., 0.])

nturbs = 40
yaw_angles = np.array([5., 5., 5., 5., 5., 5., 5., 5., 5., 5., 5., 5., 5., 5., 5., 5., 5.,
       5., 5., 5., 5., 5., 5., 5., 5., 5., 5., 5., 5., 5., 5., 5., 5., 5.,
       5., 5., 5., 5., 5., 0.])

nturbs = 50
yaw_angles = np.array([5., 5., 5., 5., 5., 5., 5., 5., 5., 5., 5., 5., 5., 5., 5., 5., 5.,
       5., 5., 5., 5., 5., 5., 5., 5., 5., 5., 5., 5., 5., 5., 5., 5., 5.,
       5., 5., 5., 5., 5., 5., 5., 5., 5., 5., 5., 5., 5., 5., 5., 0.])

