nturbs = 10
yaw_angles = np.array([15., 15., 15., 15., 15., 15., 15., 15., 15.,  0.])

nturbs = 20
yaw_angles = np.array([15., 15., 15., 15., 15., 15., 15., 15., 15., 15., 15., 15., 15.,
       15., 15., 15., 15., 15.,  0.,  0.])

nturbs = 30
yaw_angles = np.array([15., 15., 15., 15., 15., 15., 15., 15., 15., 15., 15., 15., 15.,
       15., 15., 15., 15., 15., 15., 15., 15., 15., 15., 15., 15., 15.,
       15., 15.,  0.,  0.])

nturbs = 40
yaw_angles = np.array([15., 15., 15., 15., 15., 15., 15., 15., 15., 15., 15., 15., 15.,
       15., 15., 15., 15., 15., 15., 15., 15., 15., 15., 15., 15., 15.,
       15., 15., 15., 15., 15., 15., 15., 15., 15., 15., 15., 15.,  0.,
        0.])

nturbs = 50
yaw_angles = np.array([15., 15., 15., 15., 15., 15., 15., 15., 15., 15., 15., 15., 15.,
       15., 15., 15., 15., 15., 15., 15., 15., 15., 15., 15., 15., 15.,
       15., 15., 15., 15., 15., 15., 15., 15., 15., 15., 15., 15., 15.,
       15., 15., 15., 15., 15., 15., 15., 15., 15.,  0.,  0.])

