nrows = 3
yaw_angles = np.array([28.82701536, 28.96598698, 28.46628731, 23.77818729, 24.71172483,
       23.3369943 ,  0.        ,  0.        ,  0.        ])
nrows = 4
yaw_angles = np.array([30.        , 30.        , 30.        , 29.78624331, 26.94191332,
       26.66345015, 26.65293153, 26.63343946, 19.05533907, 18.55257916,
       18.51922915, 18.54782876,  0.        ,  0.        ,  0.        ,
        0.        ])
nrows = 5
yaw_angles = np.array([30.        , 30.        , 30.        , 30.        , 30.        ,
       29.94974596, 29.99574721, 28.5330951 , 28.68884122, 28.0142372 ,
       24.27492453, 23.85896906, 23.23130659, 23.27592762, 23.23436076,
       14.7562285 , 13.85123168, 14.01222767, 13.53899934, 13.39653674,
        0.        ,  0.        ,  0.        ,  0.        ,  0.        ])
nrows = 6
yaw_angles = np.array([30.        , 30.        , 30.        , 30.        , 30.        ,
       30.        , 29.18860168, 29.01424405, 28.38839076, 26.05638968,
       29.81960401, 28.71679117, 22.8921942 , 24.43547433, 24.40468928,
       23.98927554, 23.38844238, 18.20474794, 15.22033658, 16.30834756,
       17.25488622, 14.16185289, 13.14779936, 15.2112372 ,  9.94905548,
        9.95916712, 10.05888187,  9.8012966 ,  9.82740228,  9.84422447,
        0.        ,  0.        ,  0.        ,  0.        ,  0.        ,
        0.        ])
nrows = 7
yaw_angles = np.array([29.9754491 , 29.99507275, 29.98747871, 29.9973248 , 29.99300903,
       29.9915378 , 29.98649775, 29.98426297, 28.74556309, 28.36457916,
       28.43869288, 27.71970765, 27.93138093, 27.86727245, 23.05361064,
       22.95305952, 22.89633934, 22.98185842, 22.7958055 , 22.82086339,
       22.95529616, 17.10156783, 18.7888322 , 14.9174719 , 13.68850829,
       18.21380036, 14.73569659, 14.7980326 , 12.91071857, 13.15751427,
       13.11059437, 12.83536267, 13.01909843, 12.68561606, 12.93237361,
        9.66377374,  9.85827504,  9.83633072,  9.69210045,  9.64573977,
        9.89515138,  9.43030353,  0.        ,  0.        ,  0.        ,
        0.        ,  0.        ,  0.        ,  0.        ])
nrows = 8
yaw_angles = np.array([30.        , 30.        , 30.        , 30.        , 30.        ,
       30.        , 30.        , 30.        , 28.82701358, 28.93315353,
       28.50274085, 28.57295252, 28.27971356, 27.95571852, 27.83261626,
       27.7648632 , 23.95611014, 23.71442004, 22.88039116, 22.84613521,
       22.82563558, 22.15656745, 22.14527448, 22.72584861, 17.93866067,
       16.05899903, 19.11167767, 16.03303762, 17.1552629 , 17.68721381,
       17.09074876, 15.93048097, 14.73014067, 14.77221391, 14.64193497,
       14.44782434, 14.71786121, 14.57797181, 14.4029744 , 14.48663928,
       12.70478306, 12.88456095, 12.78061648, 12.65217151, 12.62317531,
       12.70754439, 12.63535363, 12.57588844,  9.66636602,  9.76257739,
        9.64594059,  9.67855843,  9.61061805,  9.48400875,  9.46987215,
        9.52831423,  0.        ,  0.        ,  0.        ,  0.        ,
        0.        ,  0.        ,  0.        ,  0.        ])
nrows = 9
yaw_angles = np.array([30.        , 30.        , 30.        , 30.        , 30.        ,
       30.        , 30.        , 30.        , 30.        , 30.        ,
       28.17030013, 28.35255969, 28.35161795, 28.34394498, 28.23613423,
       29.91473116, 28.66729581, 28.0053251 , 23.26339869, 23.60128765,
       23.06351989, 23.00688011, 22.50450511, 23.48196661, 22.72095834,
       22.16456972, 22.43772629, 18.44296833, 18.16505486, 18.89773084,
       17.92587691, 18.0624212 , 19.39180959, 17.76648197, 17.90340248,
       17.86326604, 15.91716622, 15.82831546, 15.7280847 , 15.64938918,
       15.77675785, 16.12214818, 15.6904253 , 15.75833269, 15.61834051,
       14.583548  , 14.57193763, 14.44893115, 14.4346605 , 14.43567911,
       14.30166881, 14.30076501, 15.28621287, 14.26095788, 12.67312056,
       12.55563393, 12.53518633, 12.47576283, 12.4972898 , 12.59455292,
       12.50138541, 12.37381548, 12.39293245,  9.60685076,  9.43277178,
        9.44737514,  9.63945798,  9.40311007,  9.32065828,  9.4443028 ,
        9.4877334 ,  9.20498674,  0.        ,  0.        ,  0.        ,
        0.        ,  0.        ,  0.        ,  0.        ,  0.        ,
        0.        ])
nrows = 10
yaw_angles = np.array([30.        , 30.        , 30.        , 30.        , 30.        ,
       30.        , 30.        , 30.        , 30.        , 30.        ,
       28.9748321 , 28.83852711, 28.60539715, 30.        , 28.5128473 ,
       30.        , 28.30699816, 27.86980086, 28.14416287, 28.09413228,
       23.46108646, 23.72160256, 23.38071762, 22.5509708 , 22.93114692,
       23.65407496, 22.73896924, 23.36404959, 23.34031252, 22.4881826 ,
       18.80428378, 18.13431298, 18.78835997, 18.50052651, 18.64331169,
       18.65707281, 18.4716305 , 17.97781197, 18.34736415, 18.65459762,
       16.57427625, 16.34876544, 16.37076404, 16.56518026, 16.50555424,
       16.1898453 , 16.37393985, 17.36674665, 16.55346333, 16.35847211,
       15.56083878, 15.61424416, 15.41211289, 15.5455026 , 15.07359003,
       15.43963564, 15.496218  , 15.42886631, 15.31706722, 15.09300086,
       14.37801319, 13.99427725, 14.14968635, 14.22829532, 14.17891689,
       14.10466047, 14.1523966 , 14.08730007, 14.0272113 , 14.07464917,
       12.51190282, 12.55782607, 12.36052643, 12.376426  , 12.11442452,
       12.13353249, 12.33699154, 12.33984973, 12.3186697 , 12.09902227,
        9.36268407,  9.45033696,  9.37779141,  9.3303187 ,  9.35763825,
        9.31820726,  9.30251557,  9.20013571,  9.16741218,  9.26808636,
        0.        ,  0.        ,  0.        ,  0.        ,  0.        ,
        0.        ,  0.        ,  0.        ,  0.        ,  0.        ])
