nrows = 3
yaw_angles = np.array([0., 0., 0., 0., 0., 0., 0., 0., 0.])
nrows = 4
yaw_angles = np.array([7.06951886, 6.93315709, 6.83595311, 0.        , 0.        ,
       0.        , 0.        , 0.        , 0.        , 0.        ,
       0.        , 0.        , 0.        , 0.        , 0.        ,
       0.        ])
nrows = 5
yaw_angles = np.array([9.56430231, 9.59564529, 9.54612968, 9.28828579, 1.26292011,
       0.        , 1.17806695, 1.14010566, 1.16115925, 0.        ,
       0.        , 0.        , 0.        , 0.        , 0.        ,
       0.        , 0.        , 0.        , 0.        , 0.        ,
       0.        , 0.        , 0.        , 0.        , 0.        ])
nrows = 6
yaw_angles = np.array([10.06751212, 10.12765452, 10.11663846, 10.05195708,  1.73142123,
        9.76162681,  1.96045363,  0.        ,  1.99733974,  1.95429176,
        2.06908192,  1.74421436,  2.4324516 ,  0.        ,  2.42231099,
        2.40414832,  0.        ,  2.4141358 ,  0.        ,  0.        ,
        0.        ,  0.        ,  0.        ,  0.        ,  0.        ,
        0.        ,  0.        ,  0.        ,  0.        ,  0.        ,
        0.        ,  0.        ,  0.        ,  0.        ,  0.        ,
        0.        ])
nrows = 7
yaw_angles = np.array([9.64894127, 9.70576532, 9.71304984, 9.69445183, 0.98055523,
       9.63816449, 1.26865451, 9.14566819, 1.30861701, 0.        ,
       1.31146205, 2.01029225, 1.2580239 , 3.82083026, 0.94859367,
       3.87998838, 0.        , 3.88761324, 2.04327342, 3.82819866,
       2.63545415, 3.59675376, 2.581131  , 0.        , 2.54312825,
       0.        , 2.57301462, 0.        , 2.57970926, 0.        ,
       0.        , 0.        , 0.        , 0.        , 0.        ,
       0.        , 0.        , 0.        , 0.        , 0.        ,
       0.        , 0.        , 0.        , 0.        , 0.        ,
       0.        , 0.        , 0.        , 0.        ])
nrows = 8
yaw_angles = np.array([11.18873254,  9.75865861,  9.96077416, 11.02853935,  1.44404292,
       11.17068919,  0.98339824, 11.14259743,  0.        ,  9.09557118,
        1.24812715,  0.        ,  1.52478281,  1.81751318,  2.41577097,
        1.89278771,  4.12152294,  1.16989229,  4.09869656,  0.        ,
        2.43788347,  3.78849618,  6.53244681,  3.67531512,  6.16667227,
        3.4866053 ,  6.21170919,  0.        ,  2.29067456,  6.13597083,
        2.52075238,  6.11337924,  2.63180277,  5.94581459,  2.5631437 ,
        0.        ,  0.        ,  2.40083646,  0.        ,  2.38188649,
        0.        ,  2.41324091,  0.        ,  0.        ,  0.        ,
        0.        ,  0.        ,  0.        ,  0.        ,  0.        ,
        0.        ,  0.        ,  0.        ,  0.        ,  0.        ,
        0.        ,  0.        ,  0.        ,  0.        ,  0.        ,
        0.        ,  0.        ,  0.        ,  0.        ])
nrows = 9
yaw_angles = np.array([11.47762788, 11.56853082, 11.76717432, 11.75896737,  3.97530179,
       11.95725941,  4.25311595, 11.56988562,  4.30906014, 11.44029028,
        4.3236079 ,  8.97955573,  2.11274795,  4.32996353,  0.        ,
        3.66664581,  4.26395014,  3.67344344,  4.208452  ,  3.69304966,
        1.37427399,  1.9858629 ,  3.84546543,  0.        ,  5.18362072,
        3.78181263,  5.20091448,  3.67601772,  5.37885233,  3.38126437,
        2.8572852 ,  5.37424965,  0.        ,  6.50812374,  5.25801265,
        6.48702002,  5.12484624,  6.71097428,  4.82644132,  2.75256733,
        6.71473056,  0.        ,  2.7114712 ,  6.70021561,  2.64767733,
        6.52191854,  2.66157567,  6.2736872 ,  0.        ,  2.59821121,
        0.        ,  0.        ,  2.79991023,  0.        ,  2.45972062,
        0.        ,  2.60141774,  0.        ,  0.        ,  0.        ,
        0.        ,  0.        ,  0.        ,  0.        ,  0.        ,
        0.        ,  0.        ,  0.        ,  0.        ,  0.        ,
        0.        ,  0.        ,  0.        ,  0.        ,  0.        ,
        0.        ,  0.        ,  0.        ,  0.        ,  0.        ,
        0.        ])
nrows = 10
yaw_angles = np.array([11.71068217, 11.86342234, 11.98251969, 11.91846699,  4.6397316 ,
       12.01424141,  4.93658549, 11.96161828,  5.03500835, 11.82090003,
        5.03793841, 11.59576341,  3.60988239,  5.15463994,  8.61606273,
        5.37953885,  5.03963449,  0.        ,  5.54533456,  4.95756703,
        5.60634742,  4.83639928,  2.12571496,  5.62911997,  0.        ,
        5.84065572,  5.84176015,  0.        ,  5.97225237,  5.76500772,
        5.96462257,  5.05205327,  1.96524158,  6.00639821,  3.93149397,
        6.44212305,  6.12853197,  0.        ,  6.36007927,  6.07228567,
        6.44124719,  5.73024085,  2.7986778 ,  6.40949228,  5.0390494 ,
        5.68329264,  6.48667533,  0.        ,  5.21927   ,  6.46434476,
        5.22097671,  6.3359892 ,  4.18064563,  5.20893501,  5.89399791,
        2.21171869,  5.60120753,  0.        ,  2.11915582,  5.18057748,
        2.09231369,  5.16948378,  0.        ,  2.07851838,  4.84689579,
        0.        ,  2.07011743,  0.        ,  0.        ,  4.42400775,
        0.        ,  4.37110916,  0.        ,  0.        ,  2.09117625,
        0.        ,  0.        ,  0.        ,  0.        ,  0.        ,
        0.        ,  0.        ,  0.        ,  0.        ,  0.        ,
        0.        ,  0.        ,  0.        ,  0.        ,  0.        ,
        0.        ,  0.        ,  0.        ,  0.        ,  0.        ,
        0.        ,  0.        ,  0.        ,  0.        ,  0.        ])
