nrows = 3
yaw_angles = np.array([26.42444771, 24.87640685, 24.72779739,  0.        , 19.3607534 ,
        0.        ,  0.        ,  0.        ,  0.        ])
nrows = 4
yaw_angles = np.array([27.73526642, 26.23807875, 26.0889315 , 24.87176418, 22.41349703,
       24.69758191,  0.17460044, 19.3670184 , 19.22095066,  0.        ,
        0.        , 14.79671583,  0.        ,  0.        ,  0.        ,
        0.        ])
nrows = 5
yaw_angles = np.array([28.32293967, 27.49818568, 27.24583503, 26.21562848, 26.11572959,
       23.95598193, 24.73415822, 22.51110035, 22.37206071, 24.62115954,
        0.        , 19.45428094, 18.5009975 , 19.15504048,  0.        ,
        0.        , 15.10288797, 14.88968128,  0.        , 12.91237953,
        0.        ,  0.        ,  0.        ,  0.        ,  0.        ])
nrows = 6
yaw_angles = np.array([28.66976729, 28.00535391, 27.84472813, 27.35173474, 24.92688987,
       27.15367141, 26.2868557 , 24.03183718, 23.70619678, 25.79377669,
       24.68242097, 22.48465512, 20.1916378 , 24.76255085, 22.17196854,
        0.        , 18.86490657, 18.41167303, 19.31598126, 18.29850184,
        0.        ,  0.        , 14.84883997, 17.11186419, 14.82237571,
        0.        , 13.06664307,  0.        , 12.8199176 ,  0.        ,
       12.0279063 ,  0.        ,  0.        ,  0.        ,  0.        ,
        0.        ])
nrows = 7
yaw_angles = np.array([2.89860699e+01, 2.83379443e+01, 2.82600167e+01, 2.79207049e+01,
       2.54658791e+01, 2.77567499e+01, 2.72067387e+01, 2.48147684e+01,
       2.45323956e+01, 2.70992272e+01, 2.60685928e+01, 2.14995070e+01,
       2.36773932e+01, 2.38227791e+01, 2.58908030e+01, 2.46794502e+01,
       2.22890522e+01, 2.25676558e+01, 2.00792542e+01, 1.99234341e+01,
       2.44783052e+01, 2.87462051e-07, 1.92658570e+01, 1.84543571e+01,
       1.85517179e+01, 1.89486465e+01, 2.75714066e-07, 1.90432136e+01,
       2.81480983e-07, 1.49773637e+01, 1.70470110e+01, 2.77378655e-07,
       1.74492709e+01, 1.47425083e+01, 4.06555339e-10, 1.29830593e+01,
       1.67256888e+01, 3.44823463e-09, 1.27550709e+01, 1.21082416e+01,
       0.00000000e+00, 1.18262522e+01, 0.00000000e+00, 2.43925121e-07,
       4.30086614e-13, 7.93953357e+00, 0.00000000e+00, 0.00000000e+00,
       0.00000000e+00])
nrows = 8
yaw_angles = np.array([2.89732496e+01, 2.86517502e+01, 2.85142666e+01, 2.84127958e+01,
       2.81936664e+01, 2.52175606e+01, 2.52782231e+01, 2.77999253e+01,
       2.76826010e+01, 2.50504960e+01, 2.71873088e+01, 2.71920474e+01,
       2.12131960e+01, 2.43492427e+01, 2.47073652e+01, 2.59766930e+01,
       2.11789752e+01, 2.36765609e+01, 2.11997199e+01, 2.59342946e+01,
       2.37031126e+01, 2.45121397e+01, 2.22496132e+01, 1.99652372e+01,
       1.83734053e+01, 2.44891775e+01, 2.06617488e+01, 2.20398520e+01,
       3.73988032e-08, 1.94730646e+01, 1.84402316e+01, 1.86233900e+01,
       1.89157074e+01, 1.86327817e+01, 1.92720362e+01, 2.19820282e-08,
       1.01025760e-12, 1.48294316e+01, 1.65409111e+01, 1.48689711e+01,
       1.53377017e+01, 1.77419996e+01, 8.60842553e-07, 1.29132523e+01,
       1.41303653e-08, 1.58748199e+01, 1.30104534e+01, 1.60542345e+01,
       8.28702153e-07, 1.19455645e+01, 8.17179848e-07, 1.31476103e+01,
       1.23852678e+01, 8.12455646e-07, 8.08720495e+00, 3.99374384e-08,
       8.04044235e+00, 2.63801807e-08, 2.02210834e-01, 2.00751871e-01,
       7.17955307e+00, 0.00000000e+00, 0.00000000e+00, 0.00000000e+00])
nrows = 9
yaw_angles = np.array([29.19478077, 29.01805169, 28.51114125, 25.06088499, 28.75768399,
       27.92687687, 25.41038727, 27.96245154, 25.23348833, 27.60911096,
       24.7306037 , 25.11823771, 27.11513407, 27.36462162, 22.36650806,
       24.82044283, 27.21501863, 24.63546735, 21.68019043, 21.33638917,
       27.00011572, 26.11731514, 18.95704027, 21.1296424 , 23.65117016,
       24.05526467, 25.93619838, 20.6934918 , 24.79149359, 22.32723699,
       18.42633397, 18.67310081, 22.52026586, 19.85735463, 19.97998686,
       24.44172783,  0.        , 19.53096304, 18.38072215, 15.75673462,
       18.68173801, 18.5148803 , 19.29892963, 18.56688999,  0.        ,
        0.        , 14.96194613, 16.78325107, 14.98507586, 17.22719369,
        0.        , 14.92903643, 14.73188869, 12.96021585,  0.        ,
       15.41402626, 15.5890058 ,  0.        , 12.31942057, 12.59291148,
       11.65515793,  0.        , 12.52885488,  0.        , 12.5218078 ,
       11.22550801,  0.        , 11.06983261,  8.01473008,  0.        ,
        8.7291919 ,  0.        ,  8.36393223,  0.        ,  7.66537145,
        0.        ,  0.        ,  7.00754687,  0.        ,  0.        ,
        0.        ])
nrows = 10
yaw_angles = np.array([2.90412884e+01, 2.87236702e+01, 2.86518062e+01, 2.85640214e+01,
       2.76435876e+01, 2.84376729e+01, 2.83577021e+01, 2.83760013e+01,
       2.52160684e+01, 2.51656161e+01, 1.72023858e+01, 2.81800736e+01,
       2.48774824e+01, 2.53762058e+01, 2.80489017e+01, 2.77202491e+01,
       2.11844303e+01, 2.48555902e+01, 2.10911601e+01, 2.48194433e+01,
       2.75397757e+01, 2.11610054e+01, 2.16746375e+01, 2.46993949e+01,
       2.69971422e+01, 1.01631097e+01, 2.45464344e+01, 2.69966336e+01,
       2.59718067e+01, 2.38279887e+01, 2.07497546e+01, 1.86778123e+01,
       1.85632319e+01, 2.38544843e+01, 2.10224786e+01, 2.58366515e+01,
       2.46350424e+01, 2.23263987e+01, 2.05459849e+01, 2.03800595e+01,
       1.90226259e+01, 1.84233812e+01, 2.45900692e+01, 2.22163302e+01,
       1.83252157e+01, 3.11230617e-01, 1.91999565e+01, 1.84327406e+01,
       1.52875457e+01, 1.85192595e+01, 1.84485044e+01, 1.52471037e+01,
       1.88998413e+01, 1.90611449e+01, 1.39954830e-01, 5.73019788e-08,
       1.49617089e+01, 1.69672864e+01, 1.54871037e+01, 1.47790121e+01,
       1.48368998e+01, 1.40938917e+01, 1.81054417e-01, 1.62925765e+01,
       1.27412370e+01, 2.12003157e-01, 1.56382205e+01, 1.27454678e+01,
       1.28135653e+01, 1.89674015e-01, 1.56036786e+01, 1.22419431e+01,
       2.37027709e-01, 1.14461120e+01, 1.21726215e+01, 1.19274354e+01,
       1.15888057e+01, 1.13349835e+01, 8.12393297e-02, 1.01022980e+01,
       1.91297043e-08, 7.82931555e+00, 8.84218805e+00, 1.74093276e-01,
       1.03516062e+01, 1.12063592e+01, 8.67024122e+00, 7.13886266e+00,
       7.42801413e-02, 8.71604673e-02, 1.31124950e-01, 7.58373821e+00,
       7.20713508e+00, 3.22683998e-08, 0.00000000e+00, 7.05778602e+00,
       0.00000000e+00, 0.00000000e+00, 0.00000000e+00, 0.00000000e+00])
