nrows = 3
yaw_angles = np.array([1.19062893, 1.17727422, 1.17407677, 1.06951226, 1.03636715,
       1.01902364, 0.        , 0.        , 0.        ])
nrows = 4
yaw_angles = np.array([0.        , 0.        , 0.        , 0.84362415, 0.84487593,
       0.77868518, 0.76950289, 0.74476986, 0.73408482, 0.        ,
       0.        , 0.        , 0.        , 0.        , 0.        ,
       0.        ])
nrows = 5
yaw_angles = np.array([0.        , 0.        , 0.        , 0.        , 0.        ,
       0.79740746, 0.        , 0.        , 0.        , 0.82859998,
       0.76038279, 0.        , 0.        , 0.        , 0.74019515,
       0.        , 0.        , 0.        , 0.        , 0.        ,
       0.        , 0.        , 0.        , 0.        , 0.        ])
nrows = 6
yaw_angles = np.array([0.        , 0.        , 0.        , 0.        , 0.        ,
       0.        , 0.        , 0.20677393, 0.        , 0.        ,
       0.        , 0.        , 0.        , 0.17100132, 0.        ,
       0.        , 0.2005893 , 0.        , 0.        , 0.        ,
       0.        , 0.        , 0.17301244, 0.        , 0.        ,
       0.        , 0.        , 0.        , 0.        , 0.        ,
       0.        , 0.        , 0.        , 0.        , 0.        ,
       0.        ])
nrows = 7
yaw_angles = np.array([0., 0., 0., 0., 0., 0., 0., 0., 0., 0., 0., 0., 0., 0., 0., 0., 0.,
       0., 0., 0., 0., 0., 0., 0., 0., 0., 0., 0., 0., 0., 0., 0., 0., 0.,
       0., 0., 0., 0., 0., 0., 0., 0., 0., 0., 0., 0., 0., 0., 0.])
nrows = 8
yaw_angles = np.array([0., 0., 0., 0., 0., 0., 0., 0., 0., 0., 0., 0., 0., 0., 0., 0., 0.,
       0., 0., 0., 0., 0., 0., 0., 0., 0., 0., 0., 0., 0., 0., 0., 0., 0.,
       0., 0., 0., 0., 0., 0., 0., 0., 0., 0., 0., 0., 0., 0., 0., 0., 0.,
       0., 0., 0., 0., 0., 0., 0., 0., 0., 0., 0., 0., 0.])
nrows = 9
yaw_angles = np.array([0., 0., 0., 0., 0., 0., 0., 0., 0., 0., 0., 0., 0., 0., 0., 0., 0.,
       0., 0., 0., 0., 0., 0., 0., 0., 0., 0., 0., 0., 0., 0., 0., 0., 0.,
       0., 0., 0., 0., 0., 0., 0., 0., 0., 0., 0., 0., 0., 0., 0., 0., 0.,
       0., 0., 0., 0., 0., 0., 0., 0., 0., 0., 0., 0., 0., 0., 0., 0., 0.,
       0., 0., 0., 0., 0., 0., 0., 0., 0., 0., 0., 0., 0.])
nrows = 10
yaw_angles = np.array([0., 0., 0., 0., 0., 0., 0., 0., 0., 0., 0., 0., 0., 0., 0., 0., 0.,
       0., 0., 0., 0., 0., 0., 0., 0., 0., 0., 0., 0., 0., 0., 0., 0., 0.,
       0., 0., 0., 0., 0., 0., 0., 0., 0., 0., 0., 0., 0., 0., 0., 0., 0.,
       0., 0., 0., 0., 0., 0., 0., 0., 0., 0., 0., 0., 0., 0., 0., 0., 0.,
       0., 0., 0., 0., 0., 0., 0., 0., 0., 0., 0., 0., 0., 0., 0., 0., 0.,
       0., 0., 0., 0., 0., 0., 0., 0., 0., 0., 0., 0., 0., 0., 0.])
