nrows = 3
yaw_angles = np.array([12.78125337, 12.49916413,  0.        ,  0.        ,  0.        ,
        0.        ,  0.        ,  0.        ,  0.        ])
nrows = 4
yaw_angles = np.array([11.79365635, 11.62778604, 12.56418477, 12.62280784,  9.25926698,
        0.        ,  0.        ,  9.11912767,  0.        ,  0.        ,
        0.        ,  0.        ,  0.        ,  0.        ,  0.        ,
        0.        ])
nrows = 5
yaw_angles = np.array([11.32035978, 11.19564385, 11.13800846, 10.9959371 ,  7.27050376,
       12.67540558, 12.45636369,  7.21329313,  0.        ,  8.02813062,
        9.21563795,  0.        ,  8.06715343,  0.        ,  0.        ,
        7.94751033,  0.        ,  0.        ,  0.        ,  0.        ,
        0.        ,  0.        ,  0.        ,  0.        ,  0.        ])
nrows = 6
yaw_angles = np.array([14.14072711, 13.98597754, 11.46007895, 13.88046161,  8.3003545 ,
       11.36204361, 11.78258698,  8.1854076 , 12.75180049,  7.05965951,
        8.1413592 ,  0.        , 12.48460627,  7.0379388 ,  9.41848956,
        7.79824949,  6.95875935,  0.        ,  0.        ,  7.25244429,
        7.96846429,  0.        ,  7.20382362,  0.        ,  0.        ,
        0.        ,  7.14518804,  0.        ,  0.        ,  0.        ,
        0.        ,  0.        ,  0.        ,  0.        ,  0.        ,
        0.        ])
nrows = 7
yaw_angles = np.array([14.18899514, 14.01964695, 13.90277837, 13.93174875,  9.66954182,
       13.97537052, 11.25697352,  9.56262587, 11.2776974 ,  7.92941948,
        9.50622735, 12.59023816, 11.61872315,  7.8814288 ,  8.05315857,
        0.        ,  6.96124218,  7.84884895,  9.3922969 , 12.29709537,
        6.95413878,  7.79301086,  0.        ,  7.77984337,  6.91585429,
        8.02329751,  0.        ,  6.97655098,  6.86480132,  0.        ,
        0.        ,  6.87036264,  7.30615427,  0.        ,  0.        ,
        6.83368752,  0.        ,  0.        ,  0.        ,  6.7805922 ,
        0.        ,  0.        ,  0.        ,  0.        ,  0.        ,
        0.        ,  0.        ,  0.        ,  0.        ])
nrows = 8
yaw_angles = np.array([14.95311618, 14.78168176, 13.96477191, 14.70348568,  9.63933997,
       14.66384836, 13.73517299,  9.52589029, 13.92775419,  8.55892572,
        9.48365855, 11.22401491, 11.15651426,  8.55039161,  9.60869575,
       12.34430669,  7.80623942,  8.50065528,  8.00928719, 11.52079637,
        0.        ,  8.02313172,  8.45989635,  9.34658716,  6.92255415,
        7.9794432 ,  7.840958  , 12.05732292,  0.        ,  6.64161137,
        7.946925  ,  8.0425136 ,  7.76307039,  6.49131865,  7.91182621,
        0.        ,  0.        ,  6.92878195,  6.47067724,  7.32685412,
        0.        ,  6.61625522,  6.42534375,  0.        ,  0.        ,
        0.        ,  6.60670641,  6.93044868,  0.        ,  0.        ,
        6.57799681,  0.        ,  0.        ,  0.        ,  6.52720165,
        0.        ,  0.        ,  0.        ,  0.        ,  0.        ,
        0.        ,  0.        ,  0.        ,  0.        ])
nrows = 9
yaw_angles = np.array([13.70315503, 13.57881006, 13.31296403, 13.5180478 , 10.06981633,
       13.49197738, 12.24126485,  9.97412701, 13.38856426,  9.61484746,
        9.94546192, 12.5903996 , 12.13469237,  9.70171713,  9.8974217 ,
       10.79961748,  9.27782955,  9.66399681,  9.0426703 , 10.11502764,
       11.77858824,  8.6262242 ,  9.62351518,  7.65071071,  8.37967824,
        0.        ,  8.59656032,  9.63225644,  9.95758979,  9.31675229,
        7.45241072,  8.58188245,  8.7344666 ,  7.6701421 ,  0.        ,
        7.32159869,  8.54445258, 11.52665649,  8.45141174,  6.37252634,
        7.2861862 ,  7.80435248,  8.09771076,  0.        ,  6.33003797,
        7.26938405,  0.        ,  7.45768248,  6.98852434,  6.31509068,
        7.24421582,  0.        ,  0.        ,  6.67058501,  6.30602783,
        0.        ,  7.0690399 ,  0.        ,  6.57211739,  6.2664746 ,
        0.        ,  0.        ,  0.        ,  6.56378893,  6.83000235,
        0.        ,  0.        ,  6.53740923,  0.        ,  0.        ,
        0.        ,  6.48369376,  0.        ,  0.        ,  0.        ,
        0.        ,  0.        ,  0.        ,  0.        ,  0.        ,
        0.        ])
nrows = 10
yaw_angles = np.array([15.4775047 , 15.3246286 , 14.88082819, 15.28539636, 10.73862343,
       15.4964833 , 14.57952966, 10.64658871, 15.24007568,  9.25188382,
       10.67765159, 14.63264354, 13.72438542,  9.20717523, 10.65939287,
       13.84072347,  8.59013147,  9.18912575, 10.46334342, 13.58554715,
       11.08335342,  9.03406253,  9.16238631,  9.50936962,  8.31761062,
       13.07163163,  9.00334011,  9.13507752, 10.9814962 ,  7.85619393,
        8.50589353,  0.        ,  8.98785378,  8.57799673,  7.66447135,
        9.19008047,  8.34823907,  8.9196238 , 11.48328563,  7.77352025,
        7.65762883,  0.        ,  8.32625124,  8.91409866,  6.83398824,
        8.00051854,  7.44970935,  8.25625269, 12.70267391,  7.95180254,
        6.56158796,  0.        ,  7.42000488,  8.26017245,  7.7084696 ,
        7.3065955 ,  6.33529749,  7.40584018,  0.        ,  7.51405084,
        6.86272532,  0.        ,  6.21296681,  7.17708434,  0.        ,
        6.93664193,  6.45465057,  6.19616788,  0.        ,  7.36561431,
        0.        ,  0.        ,  5.8409257 ,  6.10619958,  0.        ,
        6.66543828,  0.        ,  5.82316935,  6.08621146,  0.        ,
        0.        ,  0.        ,  5.82286964,  6.47533538,  0.        ,
        0.        ,  5.90000082,  0.        ,  0.        ,  0.        ,
        5.78698574,  0.        ,  0.        ,  0.        ,  0.        ,
        0.        ,  0.        ,  0.        ,  0.        ,  0.        ])
