nturbs = 10
yaw_angles = np.array([ 0.,  0., 10., 10., 10.,  0.,  0.,  0.,  0.,  0.])

nturbs = 20
yaw_angles = np.array([10.,  0., 10., 10.,  0.,  0., 10.,  0., 10., 10., 10.,  0., 10.,
        0.,  0.,  0.,  0.,  0.,  0.,  0.])

nturbs = 30
yaw_angles = np.array([ 0., 10.,  0., 10., 10., 10., 10., 10.,  0., 10., 10.,  0., 10.,
        0., 10., 10.,  0.,  0., 10., 10.,  0., 10.,  0., 10.,  0.,  0.,
        0.,  0.,  0.,  0.])

nturbs = 40
yaw_angles = np.array([10., 10., 10.,  0., 10., 10., 10.,  0.,  0., 10.,  0.,  0.,  0.,
        0.,  0., 10., 10.,  0.,  0.,  0., 10.,  0.,  0., 10.,  0., 10.,
        0.,  0.,  0.,  0.,  0.,  0.,  0.,  0.,  0.,  0.,  0.,  0.,  0.,
        0.])

nturbs = 50
yaw_angles = np.array([10.,  0., 10., 10., 10.,  0., 10.,  0.,  0.,  0.,  0., 10., 10.,
        0., 10., 10., 10.,  0., 10.,  0.,  0., 10.,  0.,  0.,  0.,  0.,
        0.,  0.,  0., 10., 10.,  0.,  0., 10.,  0.,  0.,  0.,  0., 10.,
        0.,  0., 10.,  0.,  0.,  0.,  0.,  0.,  0.,  0.,  0.])

nturbs = 60
yaw_angles = np.array([10., 10., 10., 10., 10., 10., 10., 10., 10., 10., 10., 10.,  0.,
       10., 10.,  0.,  0.,  0., 10., 10., 10.,  0., 10.,  0.,  0.,  0.,
        0., 10.,  0.,  0.,  0.,  0.,  0., 10.,  0., 10.,  0., 10., 10.,
       10.,  0.,  0.,  0.,  0.,  0., 10.,  0.,  0.,  0.,  0.,  0.,  0.,
        0.,  0.,  0.,  0.,  0.,  0.,  0.,  0.])

nturbs = 70
yaw_angles = np.array([ 0.,  0., 10.,  0.,  0., 10.,  0.,  0., 10., 10., 10.,  0.,  0.,
        0., 10.,  0.,  0.,  0.,  0., 10.,  0.,  0., 10., 10.,  0., 10.,
       10.,  0., 10., 10.,  0.,  0., 10., 10., 10.,  0.,  0., 10.,  0.,
        0.,  0.,  0., 10.,  0., 10.,  0., 10.,  0.,  0., 10.,  0.,  0.,
       10.,  0.,  0.,  0.,  0.,  0., 10.,  0.,  0.,  0.,  0.,  0.,  0.,
        0.,  0.,  0.,  0.,  0.])

nturbs = 80
yaw_angles = np.array([10., 10., 10., 10., 10.,  0.,  0.,  0., 10.,  0., 10., 10., 10.,
       10., 10., 10., 10.,  0., 10., 10.,  0.,  0.,  0.,  0., 10.,  0.,
       10., 10.,  0., 10., 10., 10.,  0.,  0.,  0.,  0.,  0.,  0.,  0.,
        0.,  0.,  0.,  0., 10.,  0., 10., 10., 10.,  0.,  0., 10., 10.,
        0.,  0., 10., 10., 10.,  0.,  0.,  0., 10.,  0.,  0.,  0.,  0.,
        0., 10.,  0.,  0., 10., 10.,  0.,  0.,  0.,  0.,  0.,  0.,  0.,
        0.,  0.])

nturbs = 90
yaw_angles = np.array([10.,  0.,  0., 10., 10.,  0., 10., 10., 10.,  0.,  0., 10., 10.,
       10.,  0.,  0., 10., 10., 10., 10.,  0., 10., 10., 10., 10.,  0.,
       10.,  0.,  0., 10., 10., 10., 10.,  0., 10., 10., 10.,  0.,  0.,
       10., 10.,  0.,  0., 10.,  0.,  0.,  0., 10.,  0., 10., 10., 10.,
       10., 10., 10.,  0.,  0., 10., 10., 10.,  0.,  0.,  0.,  0., 10.,
        0.,  0., 10.,  0., 10.,  0.,  0., 10.,  0.,  0.,  0.,  0.,  0.,
        0.,  0.,  0.,  0.,  0.,  0.,  0.,  0.,  0.,  0.,  0.,  0.])

nturbs = 100
yaw_angles = np.array([ 0.,  0.,  0.,  0.,  0., 10., 10.,  0.,  0.,  0.,  0.,  0., 10.,
       10.,  0., 10.,  0.,  0., 10., 10.,  0.,  0.,  0.,  0., 10.,  0.,
       10.,  0., 10., 10.,  0., 10., 10.,  0., 10., 10., 10.,  0.,  0.,
        0.,  0.,  0.,  0., 10., 10., 10., 10., 10., 10., 10.,  0.,  0.,
       10., 10.,  0., 10.,  0.,  0.,  0.,  0.,  0., 10.,  0., 10.,  0.,
        0.,  0.,  0.,  0.,  0.,  0.,  0., 10.,  0., 10.,  0.,  0.,  0.,
        0.,  0.,  0.,  0.,  0., 10.,  0., 10.,  0.,  0.,  0.,  0.,  0.,
        0.,  0.,  0.,  0.,  0.,  0.,  0.,  0.,  0.])

