nturbs = 10
yaw_angles = np.array([30.        , 30.        , 24.42106811, 20.85481206, 16.41577997,
       15.40043657, 14.13737402, 12.32010154,  9.42087245,  0.        ])

nturbs = 20
yaw_angles = np.array([30.        , 30.        , 25.05076541, 22.03410027, 20.5424412 ,
       19.06352904, 18.6969929 , 18.46754092, 18.07481636, 17.66564999,
       17.22787572, 16.75492659, 16.21690219, 15.63716012, 14.96630414,
       14.13198202, 12.84469773, 11.3225418 ,  8.6617754 ,  0.        ])

nturbs = 30
yaw_angles = np.array([30.        , 30.        , 25.44495759, 22.40021926, 21.21197762,
       21.05834164, 19.79756213, 19.52816779, 19.26821411, 19.02232141,
       18.72474024, 18.47031668, 18.19960292, 17.90990196, 17.77344538,
       17.51383017, 17.2438435 , 16.96312264, 16.6507524 , 16.33627853,
       15.98272946, 15.59584925, 15.15543924, 14.63917137, 14.01795302,
       13.24976914, 12.21790374, 10.77858782,  8.64039652,  0.        ])

nturbs = 40
yaw_angles = np.array([30.        , 30.        , 25.68459588, 22.65618784, 21.7269022 ,
       21.72414257, 20.35481151, 20.14351383, 19.92707426, 19.70875217,
       19.49042157, 19.28556947, 19.0873505 , 18.8939889 , 18.70429832,
       18.51875865, 18.33742171, 18.15511121, 17.97319658, 17.79095672,
       17.60628659, 17.42113282, 17.23221723, 17.03805438, 16.8149572 ,
       16.60867577, 16.39047132, 16.15846427, 15.91034432, 15.64163872,
       15.34753336, 15.02432467, 14.66400626, 14.24812688, 13.79919857,
       13.43824981, 11.63076792,  9.79117842,  7.34997762,  0.        ])

nturbs = 50
yaw_angles = np.array([30.        , 30.        , 25.92510568, 22.73663307, 21.89575653,
       21.99625283, 20.65760395, 20.37368557, 20.20404733, 20.0194785 ,
       19.89905322, 19.7096555 , 19.52315579, 19.21346785, 19.05376628,
       18.89103455, 18.736993  , 18.58946282, 18.44785068, 18.31050618,
       18.177141  , 18.04701024, 17.91768664, 17.78642253, 17.65904399,
       17.52832549, 17.3978553 , 17.26874146, 17.14158458, 16.9583148 ,
       16.82534781, 16.68950653, 16.5524742 , 16.41542344, 16.31368681,
       16.23054074, 16.31863786, 14.63887534, 15.60640378, 15.49769375,
       15.62250725, 14.14910954, 13.78183643, 13.30512814, 12.72558149,
       11.99861165, 11.06324634,  9.63206335,  7.19041949,  0.        ])

