nturbs = 10
yaw_angles = np.array([30.        , 30.        , 27.64149793, 23.71716207, 22.58672327,
       21.40587352, 20.50753194, 16.7911141 , 13.46007054,  0.        ])

nturbs = 20
yaw_angles = np.array([30.        , 30.        , 28.34297689, 25.90949199, 25.4018115 ,
       24.92170279, 24.84313997, 23.07952103, 22.54515932, 21.9997278 ,
       21.44256805, 20.8598657 , 20.23357363, 19.53935576, 18.76010555,
       17.85397354, 17.10286239, 13.7460978 , 10.58480884,  0.        ])

nturbs = 30
yaw_angles = np.array([30.        , 30.        , 28.5426909 , 26.54770496, 26.11262235,
       25.70785258, 25.36751002, 25.38590476, 23.81570727, 23.45217772,
       23.10580059, 22.77600359, 22.4593631 , 22.15532529, 21.86987762,
       21.61449119, 21.3648246 , 21.46371897, 19.83426963, 19.42788144,
       18.9806226 , 18.48782584, 17.93245928, 17.28541459, 16.50158776,
       15.49956834, 14.1652009 , 12.22211081,  9.28366218,  0.        ])

nturbs = 40
yaw_angles = np.array([30.        , 30.        , 28.44211412, 27.92371607, 26.48952809,
       26.10798906, 25.87277423, 25.8726982 , 24.37333148, 24.05392457,
       23.76339738, 23.48823595, 23.23183694, 22.99439313, 22.80928957,
       22.62009418, 22.49292808, 22.6726601 , 21.19783092, 20.94260742,
       20.69772414, 20.4472171 , 20.19161902, 19.92932051, 19.65685594,
       19.37133617, 19.06861935, 18.75781996, 18.42578892, 18.06159222,
       17.64398731, 17.21056204, 16.69862755, 16.07179004, 15.33245504,
       14.3860917 , 13.09594354, 11.17343829,  8.31735584,  0.        ])

nturbs = 50
yaw_angles = np.array([30.        , 30.        , 28.50598358, 28.10575871, 26.66605953,
       26.35120623, 26.10528939, 26.1955371 , 24.69040908, 24.41641979,
       24.15093277, 23.89394085, 23.65648839, 23.43808148, 23.23859776,
       23.0597461 , 22.90508499, 22.84652985, 23.05025258, 21.61126985,
       21.41759641, 21.22106496, 21.02566395, 20.83127699, 20.63748182,
       20.4436963 , 20.24964064, 20.05425564, 19.85666747, 19.65561586,
       19.44986626, 19.23790094, 19.01841229, 18.7924592 , 18.55659283,
       18.30884471, 18.04451623, 17.75614702, 17.45331818, 17.11929163,
       16.74465942, 16.30213384, 15.81149824, 15.22710116, 14.5051373 ,
       13.57993826, 12.29927561, 10.46965296,  7.69555244,  0.        ])

