nturbs = 10
yaw_angles = np.array([30.        , 30.        , 26.35786358, 20.14174413, 19.14243797,
       18.13301289, 16.84915852, 15.43810978, 11.07467977,  0.        ])

nturbs = 20
yaw_angles = np.array([30.        , 30.        , 27.43891596, 22.55075822, 22.15525406,
       21.70633836, 21.28540435, 20.91664039, 20.53067843, 20.24868424,
       20.18335501, 18.44845903, 17.91864539, 17.26106365, 16.50482604,
       15.52989107, 14.28401809, 12.39553986,  9.54304932,  0.        ])

nturbs = 30
yaw_angles = np.array([30.        , 30.        , 27.86012823, 23.49384   , 22.98318856,
       22.66088661, 22.35554756, 22.06755407, 21.83651709, 21.67572708,
       21.72251669, 20.27682827, 19.99041888, 19.7025384 , 19.41321582,
       19.11332004, 18.80983347, 18.43967995, 18.10316559, 17.74219423,
       17.35060926, 16.91843353, 16.41967664, 15.84639541, 15.16314428,
       14.27917498, 13.02286554, 11.06981334,  8.77313606,  0.        ])

nturbs = 40
yaw_angles = np.array([30.        , 30.        , 28.04088542, 23.69461769, 23.42839274,
       23.24028291, 22.83958574, 22.5544525 , 22.36642048, 22.11383641,
       21.97154387, 22.09340922, 20.81005215, 20.47077146, 20.26209956,
       20.05758739, 19.8245633 , 19.5932394 , 19.39657838, 19.18977544,
       19.01292734, 18.77403368, 18.52684651, 18.35994135, 18.085977  ,
       17.88711554, 17.62324926, 17.30684216, 16.99457734, 16.6717392 ,
       16.28462461, 15.96597475, 15.4529477 , 14.8940327 , 14.31343717,
       13.54572868, 12.35615588, 10.50337973,  8.04597728,  0.        ])

nturbs = 50
yaw_angles = np.array([30.        , 30.        , 27.75394252, 25.11978162, 23.73708363,
       23.46379174, 23.18257025, 22.89798435, 22.69680621, 22.52461427,
       22.42311416, 22.53530156, 21.15549051, 20.99127491, 20.81601255,
       20.63214927, 20.44942727, 20.27094995, 20.09767023, 19.92650327,
       19.75905399, 19.59349269, 19.42656456, 19.26050645, 19.09933912,
       18.93073364, 18.73878486, 18.59592183, 18.41678201, 18.23928215,
       18.05959561, 17.87643581, 17.67892739, 17.48954641, 17.28237036,
       17.06441307, 16.83294221, 16.56774335, 16.28889876, 15.98804595,
       15.64678127, 15.26941646, 14.83055582, 14.30897261, 13.65611533,
       12.84196761, 11.78581574, 10.62295795,  6.57876811,  0.        ])

