nturbs = 10
yaw_angles = np.array([27.37770757, 24.84504912, 21.65376198, 20.11220436, 19.01193384,
       17.93462087, 16.79711247, 13.87912606,  9.491075  ,  0.        ])

nturbs = 20
yaw_angles = np.array([27.79611124, 25.43299603, 22.39979758, 21.0422808 , 19.91916713,
       19.05133819, 17.98597153, 15.04964228, 15.95021753, 14.07065938,
       12.86837998, 11.99409159, 11.85443171, 11.55843007, 11.24062644,
       10.80714237, 10.31810059,  9.9954374 ,  6.77058028,  0.        ])

nturbs = 30
yaw_angles = np.array([27.77685467, 25.50498016, 22.4970908 , 21.25714889, 20.24450168,
       19.38984964, 18.64851592, 16.12849396, 14.91827943, 14.47233989,
       14.21145476, 13.92076013, 13.72826216, 13.80282698, 13.70797055,
       13.53457517, 13.33103195, 13.24159359, 13.01452112, 12.77419535,
       12.49720077, 12.18966311, 11.84623359, 11.35298434, 10.94184729,
       10.23115786,  9.51179732,  8.31336473,  6.24855231,  0.        ])

nturbs = 40
yaw_angles = np.array([27.89266207, 25.63059733, 22.7455726 , 21.4652108 , 20.47588163,
       19.64426618, 18.99164836, 16.30661308, 15.03087646, 14.95871927,
       14.88141101, 14.9063789 , 14.73534916, 14.6836734 , 14.60305531,
       14.49288155, 14.38909498, 14.27511093, 14.14299062, 14.02374543,
       13.89600111, 13.75844423, 13.620297  , 13.47850297, 13.31540501,
       13.15772976, 12.99265209, 12.80982578, 12.61151262, 12.39211076,
       12.14645606, 11.86673899, 11.54160962, 11.15901379, 10.6897029 ,
       10.08426221,  9.2679985 ,  8.07140106,  6.01686091,  0.        ])

nturbs = 50
yaw_angles = np.array([27.89463116, 25.53374422, 22.49910274, 21.52779702, 20.29369995,
       19.64778939, 18.28834522, 17.01332548, 15.55857542, 15.52808206,
       15.44069487, 15.36024592, 15.26440642, 15.16917139, 15.08089006,
       14.98880613, 14.89369836, 14.78871343, 14.63598568, 14.74690476,
       14.65171031, 14.57926256, 14.5013903 , 14.35608322, 14.2454815 ,
       14.15149965, 14.02485894, 13.92917173, 13.87994021, 13.81288075,
       13.76542654, 14.02858244, 13.00116196, 13.05397443, 13.08742405,
       12.8950287 , 12.71309356, 12.52463413, 12.36681152, 12.14784482,
       11.86450499, 11.45394362, 11.1826024 , 10.74865314, 10.33830495,
       10.11581862,  9.45326415,  8.00579188,  5.27982897,  0.        ])

