nturbs = 10
yaw_angles = np.array([28.78380395, 25.48110315, 23.70986152, 20.12241981, 19.27367793,
       18.17617692, 15.34626806, 12.8231162 ,  7.62251981,  0.        ])

nturbs = 20
yaw_angles = np.array([28.90256444, 25.61941911, 23.91055688, 21.1202482 , 19.61961132,
       17.583275  , 15.45927364, 15.17940539, 15.06788866, 14.849739  ,
       14.70452837, 14.74261729, 13.37153426, 12.87700349, 12.32505275,
       11.60657849, 10.7383239 ,  9.47038187,  7.04650589,  0.        ])

nturbs = 30
yaw_angles = np.array([29.07295181, 26.0742003 , 24.3386348 , 21.59430063, 20.08846874,
       18.21932704, 16.51893099, 16.23765923, 16.31221549, 16.25656127,
       15.99200605, 15.69962223, 15.58168916, 15.44473487, 15.67042583,
       15.87368577, 14.38860481, 14.20026104, 13.98006904, 13.73152557,
       13.45842218, 13.12020671, 12.76636597, 12.33596475, 11.80728453,
       11.13968788, 10.24108761,  8.96221328,  6.75286179,  0.        ])

nturbs = 40
yaw_angles = np.array([29.08520442, 26.22939981, 24.74349534, 21.56107411, 19.93424709,
       18.87520222, 17.29667936, 17.0211588 , 16.91541442, 16.79289909,
       16.80213119, 16.67496461, 16.52019367, 16.49179835, 16.69477311,
       16.80910855, 15.43405869, 15.19641842, 15.05708944, 14.91236395,
       14.87933104, 14.77867767, 14.49447133, 14.54238216, 14.48757986,
       14.13461234, 14.06848149, 13.80187725, 13.85451671, 13.34995412,
       13.08245906, 12.81995376, 12.30628648, 12.03491035, 11.37097532,
       10.79061434,  9.74407901,  8.79785999,  6.47509408,  0.        ])

nturbs = 50
yaw_angles = np.array([29.26429284, 26.22813894, 24.46573524, 21.67296193, 20.3941056 ,
       18.74583375, 17.6510971 , 17.66969111, 17.48585375, 17.38675705,
       17.30327989, 17.26179683, 17.22360256, 16.85151279, 17.46817747,
       16.11451723, 16.05635765, 16.0408489 , 15.89045126, 15.72463125,
       15.7052445 , 15.60758133, 15.50221333, 15.38942118, 15.27610248,
       15.17755104, 15.06701383, 14.96205767, 14.81209615, 14.46189493,
       14.76857898, 14.40117175, 14.27765906, 14.13682678, 13.98271518,
       13.81225293, 13.59126364, 13.46464391, 13.40396868, 13.10552067,
       12.82470271, 12.40667892, 12.08193802, 11.68329804, 11.36111339,
       10.50183196,  9.78142999,  8.27379427,  6.49212613,  0.        ])

