nturbs = 10
yaw_angles = np.array([29.45060585, 27.53027488, 23.51690024, 21.53341061, 16.79607519,
       13.52513638, 12.35566168, 10.79138109,  8.12219969,  0.        ])

nturbs = 20
yaw_angles = np.array([29.73634835, 28.09762808, 24.38073082, 22.56435326, 18.55054959,
       17.21888281, 16.95092854, 16.66902306, 16.33664005, 16.00363095,
       15.63334293, 15.26765164, 14.82149852, 14.28979588, 13.73637094,
       13.096523  , 12.19224403, 11.0650863 ,  7.60690275,  0.        ])

nturbs = 30
yaw_angles = np.array([29.85852358, 28.17698836, 24.41039571, 22.69509458, 19.05159529,
       18.32281209, 18.10828604, 17.8833274 , 17.65297413, 17.43646696,
       17.22548916, 17.01538783, 16.78679546, 16.57105801, 16.35176445,
       16.29669571, 15.97718946, 15.85342355, 15.73739431, 15.80073245,
       13.98184359, 14.82268994, 14.7596311 , 13.34681714, 12.78577372,
       12.12405788, 11.34789564,  9.66864785,  7.36061255,  0.        ])

nturbs = 40
yaw_angles = np.array([30.        , 28.36589079, 24.77830839, 22.98916872, 19.16420151,
       18.84601007, 18.66385635, 18.47806546, 18.30310096, 18.10875963,
       18.0060152 , 17.87098524, 17.74528033, 17.6404372 , 17.41735376,
       17.27422033, 17.10158496, 17.0838509 , 16.97216888, 16.86852564,
       16.75902814, 16.72878592, 16.84918899, 15.37062626, 16.6460939 ,
       15.29535751, 15.06754824, 14.8013174 , 14.48309051, 14.36903273,
       14.03257906, 13.83234016, 13.32461127, 12.92732362, 12.50330123,
       11.80449614, 10.8516764 ,  9.41718855,  6.97816497,  0.        ])

nturbs = 50
yaw_angles = np.array([30.        , 28.59281546, 24.90226979, 23.26194073, 19.56680588,
       19.12310376, 18.98221502, 18.85932354, 18.72162305, 18.59440196,
       18.46503156, 18.3338057 , 18.20434956, 18.09434646, 17.99222067,
       17.94339849, 17.6106894 , 17.5644024 , 17.45925115, 17.35748296,
       17.27605572, 17.19302284, 17.12620082, 17.06916506, 17.11076581,
       17.30262866, 16.05195341, 15.96183583, 15.83911471, 15.70835594,
       15.54536592, 15.38772245, 15.2162703 , 15.06713091, 14.91378489,
       14.7459742 , 14.57312386, 14.38983691, 14.18599007, 13.95402667,
       13.68184063, 13.37229594, 12.98901467, 12.55518106, 12.04057117,
       11.36362963, 10.43574291,  9.09800692,  6.75472136,  0.        ])

