wind_direction = 0.0
yaw_angles = np.array([30.        , 30.        , 30.        , 28.17055928, 30.        ,
       26.60450717, 26.03381676, 26.6010145 , 25.98090227, 26.89849986,
       22.58191678, 23.87523807, 22.0510819 , 21.11306697, 20.75365036,
       12.98792494, 12.29682442, 15.23169242, 13.65362082, 15.23169242,
        0.        ,  0.        ,  0.        ,  0.        ,  0.        ])
wind_direction = 1.0
yaw_angles = np.array([30.        , 30.        , 30.        , 30.        , 30.        ,
       26.75480985, 27.5951353 , 26.46611633, 27.84892077, 26.51615316,
       20.19313077, 23.36319148, 23.11833435, 22.64868522, 21.14746091,
       13.14103477, 13.36012921, 13.03056763, 12.92340204, 13.49087889,
        0.        ,  0.        ,  0.        ,  0.        ,  0.        ])
wind_direction = 2.0
yaw_angles = np.array([27.65033699, 27.01983035, 26.78405267, 26.82264009, 26.9225801 ,
       25.78917066, 25.28668904, 25.05464937, 25.15992575, 25.24077164,
       21.51798692, 20.98005774, 20.63613827, 20.85010161, 20.99663146,
       15.45201818, 14.76276474, 14.15591892, 14.61947531, 14.87892733,
        0.        ,  0.        ,  0.        ,  0.        ,  0.        ])
wind_direction = 3.0
yaw_angles = np.array([27.83561198, 27.83576153, 27.14505644, 27.0709836 , 25.89921017,
       20.98414841, 21.9908707 , 23.98428794, 22.2963018 , 23.59622549,
       18.75675794, 19.15862605, 20.95233293, 20.57732536, 19.72135778,
       17.36131004, 16.64231349, 16.81088187, 16.19828534, 14.84418823,
        0.        ,  0.        ,  0.        ,  0.        ,  0.        ])
wind_direction = 4.0
yaw_angles = np.array([24.60633177, 24.33734708, 24.24427183, 24.1627536 , 23.90449564,
       22.3504112 , 22.08889974, 22.01859341, 21.96294652, 21.7826557 ,
       19.23931154, 18.88068051, 18.80765544, 18.7766887 , 18.73434986,
       15.87583878, 15.40963965, 15.30573551, 15.29192849, 15.34554051,
        0.        ,  0.        ,  0.        ,  0.        ,  0.        ])
wind_direction = 5.0
yaw_angles = np.array([23.07287609, 22.61259685, 22.46508678, 22.32138417, 21.85666082,
       20.51920455, 20.07882051, 19.97186216, 19.89090336, 19.62962286,
       17.00311265, 16.43837141, 16.30943537, 16.26426651, 16.19363126,
       13.9532733 , 13.11977513, 12.94940565, 12.92544886, 13.02382011,
        0.        ,  0.        ,  0.        ,  0.        ,  0.        ])
wind_direction = 6.0
yaw_angles = np.array([21.08180211, 21.22719452, 19.68836849, 19.62798654, 19.29967587,
       17.26213074, 17.0758202 , 17.05835328, 17.0084288 , 16.81126998,
       15.55769865, 15.22863134, 15.16578641, 15.12861794, 15.06781771,
       13.64597824, 13.16321249, 13.08077727, 13.07514761, 13.14321302,
        0.        ,  0.        ,  0.        ,  0.        ,  0.        ])
wind_direction = 7.0
yaw_angles = np.array([16.61288243, 16.66038069, 16.65405214, 16.59076296, 16.50227271,
       15.04243793, 14.95928359, 14.93621298, 14.89921058, 14.73127259,
       14.10254997, 13.86710013, 13.8253919 , 13.80367551, 13.73011827,
       12.6071888 , 12.04247479, 11.97149483, 11.958333  , 11.97884195,
        0.        ,  0.        ,  0.        ,  0.        ,  0.        ])
wind_direction = 8.0
yaw_angles = np.array([13.80536253, 13.75388848, 13.68984975, 13.61008536, 14.01196942,
       13.62311311, 13.47796158, 13.41134964, 13.23374524, 13.22075457,
       13.21446619, 12.8819089 , 12.80007486, 12.22469364, 12.71922525,
       10.81394675, 10.06859641,  9.95467611,  9.88833341, 10.01619189,
        0.        ,  0.        ,  0.        ,  0.        ,  0.        ])
wind_direction = 9.0
yaw_angles = np.array([11.82769357, 11.51729344, 11.50008623, 11.51106666, 12.98646345,
       13.49399107, 13.19949949, 13.15033695, 13.10332149, 12.87201   ,
       12.60435253, 12.11507042, 12.04127588, 12.01458988, 11.9036226 ,
       10.71309403,  9.55024103,  9.45876809,  9.44016709,  9.42966641,
        0.        ,  0.        ,  0.        ,  0.        ,  0.        ])
wind_direction = 10.0
yaw_angles = np.array([ 7.6844075 ,  7.49515037,  7.46134764,  7.48611067, 10.19267643,
       10.34264599, 10.08597934, 10.03840499, 10.00306953,  9.80768983,
        9.84521975,  9.274595  ,  9.21360424,  9.18723508,  9.07223555,
        8.41318081,  6.20277022,  6.14638332,  6.1325596 ,  6.11191538,
        0.        ,  0.        ,  0.        ,  0.        ,  0.        ])
wind_direction = 11.0
yaw_angles = np.array([3.29453218, 3.24216646, 3.24023264, 3.27894109, 7.4929463 ,
       7.77522731, 8.21290174, 8.16732665, 8.1239643 , 7.83521409,
       7.36896159, 6.78514147, 6.73551797, 6.71377355, 6.60927114,
       6.40888105, 4.03600656, 4.0110697 , 4.00280504, 3.98833555,
       0.        , 0.        , 0.        , 0.        , 0.        ])
wind_direction = 12.0
yaw_angles = np.array([0., 0., 0., 0., 0., 0., 0., 0., 0., 0., 0., 0., 0., 0., 0., 0., 0.,
       0., 0., 0., 0., 0., 0., 0., 0.])
wind_direction = 13.0
yaw_angles = np.array([0., 0., 0., 0., 0., 0., 0., 0., 0., 0., 0., 0., 0., 0., 0., 0., 0.,
       0., 0., 0., 0., 0., 0., 0., 0.])
wind_direction = 14.0
yaw_angles = np.array([0., 0., 0., 0., 0., 0., 0., 0., 0., 0., 0., 0., 0., 0., 0., 0., 0.,
       0., 0., 0., 0., 0., 0., 0., 0.])
wind_direction = 15.0
yaw_angles = np.array([0., 0., 0., 0., 0., 0., 0., 0., 0., 0., 0., 0., 0., 0., 0., 0., 0.,
       0., 0., 0., 0., 0., 0., 0., 0.])
wind_direction = 16.0
yaw_angles = np.array([0., 0., 0., 0., 0., 0., 0., 0., 0., 0., 0., 0., 0., 0., 0., 0., 0.,
       0., 0., 0., 0., 0., 0., 0., 0.])
wind_direction = 17.0
yaw_angles = np.array([0., 0., 0., 0., 0., 0., 0., 0., 0., 0., 0., 0., 0., 0., 0., 0., 0.,
       0., 0., 0., 0., 0., 0., 0., 0.])
wind_direction = 18.0
yaw_angles = np.array([0., 0., 0., 0., 0., 0., 0., 0., 0., 0., 0., 0., 0., 0., 0., 0., 0.,
       0., 0., 0., 0., 0., 0., 0., 0.])
wind_direction = 19.0
yaw_angles = np.array([0., 0., 0., 0., 0., 0., 0., 0., 0., 0., 0., 0., 0., 0., 0., 0., 0.,
       0., 0., 0., 0., 0., 0., 0., 0.])
wind_direction = 20.0
yaw_angles = np.array([3.44120687, 3.30748715, 3.24870757, 9.71636666, 2.97084788,
       8.8765265 , 0.        , 8.71648769, 0.        , 8.47559839,
       0.        , 0.        , 0.        , 0.        , 0.        ,
       0.        , 0.        , 0.        , 0.        , 0.        ,
       0.        , 0.        , 0.        , 0.        , 0.        ])
wind_direction = 21.0
yaw_angles = np.array([0., 0., 0., 0., 0., 0., 0., 0., 0., 0., 0., 0., 0., 0., 0., 0., 0.,
       0., 0., 0., 0., 0., 0., 0., 0.])
wind_direction = 22.0
yaw_angles = np.array([0., 0., 0., 0., 0., 0., 0., 0., 0., 0., 0., 0., 0., 0., 0., 0., 0.,
       0., 0., 0., 0., 0., 0., 0., 0.])
wind_direction = 23.0
yaw_angles = np.array([0., 0., 0., 0., 0., 0., 0., 0., 0., 0., 0., 0., 0., 0., 0., 0., 0.,
       0., 0., 0., 0., 0., 0., 0., 0.])
wind_direction = 24.0
yaw_angles = np.array([0., 0., 0., 0., 0., 0., 0., 0., 0., 0., 0., 0., 0., 0., 0., 0., 0.,
       0., 0., 0., 0., 0., 0., 0., 0.])
wind_direction = 25.0
yaw_angles = np.array([0., 0., 0., 0., 0., 0., 0., 0., 0., 0., 0., 0., 0., 0., 0., 0., 0.,
       0., 0., 0., 0., 0., 0., 0., 0.])
wind_direction = 26.0
yaw_angles = np.array([0., 0., 0., 0., 0., 0., 0., 0., 0., 0., 0., 0., 0., 0., 0., 0., 0.,
       0., 0., 0., 0., 0., 0., 0., 0.])
wind_direction = 27.0
yaw_angles = np.array([19.62675525, 19.76753679, 18.29923576, 19.70178955, 18.45247477,
       18.03379463, 17.99170251, 18.43206397,  0.        , 16.91119943,
       18.24269907,  0.        , 16.96520337,  0.        ,  0.        ,
       16.86524605,  0.        ,  0.        ,  0.        ,  0.        ,
        0.        ,  0.        ,  0.        ,  0.        ,  0.        ])
wind_direction = 28.0
yaw_angles = np.array([17.12408941, 17.14285381, 16.59064106, 17.11502926, 16.61505008,
       16.49592722, 16.46542109, 16.59390335,  0.        , 15.70198971,
       16.53708982,  0.        , 15.69576693,  0.        ,  0.        ,
       15.6791035 ,  0.        ,  0.        ,  0.        ,  0.        ,
        0.        ,  0.        ,  0.        ,  0.        ,  0.        ])
wind_direction = 29.0
yaw_angles = np.array([17.66518568, 16.18585735, 14.13321421, 15.6389798 ,  9.73892516,
       18.10923125, 16.1019314 ,  8.85452284,  0.        , 14.40410915,
       10.24518787,  0.        , 13.78334618,  0.        ,  0.        ,
       13.66056835,  0.        ,  0.        ,  0.        ,  0.        ,
        0.        ,  0.        ,  0.        ,  0.        ,  0.        ])
wind_direction = 30.0
yaw_angles = np.array([12.53809306, 12.4000212 , 11.4763217 , 12.15211713,  7.78119178,
       12.08858727, 11.93106734,  7.63802678,  0.        ,  7.10257894,
        9.24128605,  0.        ,  7.12643108,  0.        ,  0.        ,
        7.00871202,  0.        ,  0.        ,  0.        ,  0.        ,
        0.        ,  0.        ,  0.        ,  0.        ,  0.        ])
wind_direction = 31.0
yaw_angles = np.array([ 6.58524078,  6.40613497,  6.29538571,  6.15571534,  2.25114088,
       10.34794809, 10.29649631,  2.15775263,  0.        ,  5.23280952,
        6.31826384,  0.        ,  5.27983334,  0.        ,  0.        ,
        5.1524985 ,  0.        ,  0.        ,  0.        ,  0.        ,
        0.        ,  0.        ,  0.        ,  0.        ,  0.        ])
wind_direction = 32.0
yaw_angles = np.array([0.        , 0.        , 3.89699062, 3.31728914, 0.        ,
       6.59241535, 6.86869854, 0.        , 0.        , 0.        ,
       2.88353467, 0.        , 0.        , 0.        , 0.        ,
       0.        , 0.        , 0.        , 0.        , 0.        ,
       0.        , 0.        , 0.        , 0.        , 0.        ])
wind_direction = 33.0
yaw_angles = np.array([0., 0., 0., 0., 0., 0., 0., 0., 0., 0., 0., 0., 0., 0., 0., 0., 0.,
       0., 0., 0., 0., 0., 0., 0., 0.])
wind_direction = 34.0
yaw_angles = np.array([0., 0., 0., 0., 0., 0., 0., 0., 0., 0., 0., 0., 0., 0., 0., 0., 0.,
       0., 0., 0., 0., 0., 0., 0., 0.])
wind_direction = 35.0
yaw_angles = np.array([0., 0., 0., 0., 0., 0., 0., 0., 0., 0., 0., 0., 0., 0., 0., 0., 0.,
       0., 0., 0., 0., 0., 0., 0., 0.])
wind_direction = 36.0
yaw_angles = np.array([0., 0., 0., 0., 0., 0., 0., 0., 0., 0., 0., 0., 0., 0., 0., 0., 0.,
       0., 0., 0., 0., 0., 0., 0., 0.])
wind_direction = 37.0
yaw_angles = np.array([0., 0., 0., 0., 0., 0., 0., 0., 0., 0., 0., 0., 0., 0., 0., 0., 0.,
       0., 0., 0., 0., 0., 0., 0., 0.])
wind_direction = 38.0
yaw_angles = np.array([0., 0., 0., 0., 0., 0., 0., 0., 0., 0., 0., 0., 0., 0., 0., 0., 0.,
       0., 0., 0., 0., 0., 0., 0., 0.])
wind_direction = 39.0
yaw_angles = np.array([0., 0., 0., 0., 0., 0., 0., 0., 0., 0., 0., 0., 0., 0., 0., 0., 0.,
       0., 0., 0., 0., 0., 0., 0., 0.])
wind_direction = 40.0
yaw_angles = np.array([0., 0., 0., 0., 0., 0., 0., 0., 0., 0., 0., 0., 0., 0., 0., 0., 0.,
       0., 0., 0., 0., 0., 0., 0., 0.])
wind_direction = 41.0
yaw_angles = np.array([0., 0., 0., 0., 0., 0., 0., 0., 0., 0., 0., 0., 0., 0., 0., 0., 0.,
       0., 0., 0., 0., 0., 0., 0., 0.])
wind_direction = 42.0
yaw_angles = np.array([0., 0., 0., 0., 0., 0., 0., 0., 0., 0., 0., 0., 0., 0., 0., 0., 0.,
       0., 0., 0., 0., 0., 0., 0., 0.])
wind_direction = 43.0
yaw_angles = np.array([0., 0., 0., 0., 0., 0., 0., 0., 0., 0., 0., 0., 0., 0., 0., 0., 0.,
       0., 0., 0., 0., 0., 0., 0., 0.])
wind_direction = 44.0
yaw_angles = np.array([0., 0., 0., 0., 0., 0., 0., 0., 0., 0., 0., 0., 0., 0., 0., 0., 0.,
       0., 0., 0., 0., 0., 0., 0., 0.])
wind_direction = 45.0
yaw_angles = np.array([0., 0., 0., 0., 0., 0., 0., 0., 0., 0., 0., 0., 0., 0., 0., 0., 0.,
       0., 0., 0., 0., 0., 0., 0., 0.])
wind_direction = 46.0
yaw_angles = np.array([25.70574146, 25.8316824 , 24.32419335, 25.70956032, 19.88711267,
       25.43976986, 23.30232489, 19.35934934, 18.57325328, 22.931214  ,
        0.        , 16.96013945, 17.35313537, 16.78234479,  0.        ,
        0.        , 13.95821645, 13.63819364,  0.        ,  0.        ,
       11.28698113,  0.        ,  0.        ,  0.        ,  0.        ])
wind_direction = 47.0
yaw_angles = np.array([25.10577455, 25.27637124, 25.27637124, 25.27637124, 23.41621633,
       25.27637124, 25.27637124, 22.23399158, 18.43895415, 22.23399158,
        0.        , 19.05641967, 16.23353965, 16.59020965,  0.        ,
        0.        , 14.33279092, 14.85967683,  0.        ,  0.        ,
       13.63159326,  0.        ,  0.        ,  0.        ,  0.        ])
wind_direction = 48.0
yaw_angles = np.array([22.46089126, 21.06098283, 22.06223532, 19.9636492 , 17.80292287,
       21.24432929, 18.06943264, 16.37713036, 16.54456823, 18.94077025,
        0.        , 14.10310211, 15.80819812, 13.78745257,  0.        ,
        0.        , 13.08936154, 14.29876313,  0.        ,  0.        ,
       13.66465852,  0.        ,  0.        ,  0.        ,  0.        ])
wind_direction = 49.0
yaw_angles = np.array([19.81425146, 19.44964901, 19.11908592, 19.26501507, 17.69035739,
       19.1773444 , 17.63755423, 16.87952827, 16.33204708, 17.41776369,
        0.        , 13.54564925, 14.20474843, 13.10406619,  0.        ,
        0.        , 12.41171125, 11.34178772,  0.        ,  0.        ,
       10.9977222 ,  0.        ,  0.        ,  0.        ,  0.        ])
wind_direction = 50.0
yaw_angles = np.array([18.47171303, 15.87504045, 16.34970868, 18.46611959, 11.20077669,
       17.63431946, 17.61906821, 13.25896609, 13.98352605, 14.00310861,
        0.        , 10.55454141,  9.62360066,  8.28377355,  0.        ,
        0.        ,  8.26665612, 11.37182811,  0.        ,  0.        ,
        9.60691747,  0.        ,  0.        ,  0.        ,  0.        ])
wind_direction = 51.0
yaw_angles = np.array([12.88886507, 12.71045217, 12.84988101, 13.10526046, 14.03405058,
       14.14778559, 13.78193737, 13.42982626, 12.61767978, 13.32280717,
        0.        , 11.90083093, 12.01203035, 10.78537592,  0.        ,
        0.        , 10.57950306,  8.15606884,  0.        ,  0.        ,
        7.964671  ,  0.        ,  0.        ,  0.        ,  0.        ])
wind_direction = 52.0
yaw_angles = np.array([ 8.00030415,  7.54455788, 10.51284805,  7.56854721, 10.46972731,
        6.0374189 , 10.51712377,  7.51927746,  7.50601314,  7.6012092 ,
        0.        , 10.43503937,  7.49685772,  7.47225334,  0.        ,
        0.        ,  7.470668  ,  7.42780436,  0.        ,  0.        ,
        7.42391456,  0.        ,  0.        ,  0.        ,  0.        ])
wind_direction = 53.0
yaw_angles = np.array([5.17213494, 5.28761909, 2.93060125, 3.27897487, 6.46414736,
       7.22991965, 7.02842745, 6.25628371, 4.8724355 , 6.74556676,
       0.        , 6.9979585 , 4.60510145, 4.26068851, 0.        ,
       0.        , 4.20525347, 3.01740244, 0.        , 0.        ,
       2.94478752, 0.        , 0.        , 0.        , 0.        ])
wind_direction = 54.0
yaw_angles = np.array([0., 0., 0., 0., 0., 0., 0., 0., 0., 0., 0., 0., 0., 0., 0., 0., 0.,
       0., 0., 0., 0., 0., 0., 0., 0.])
wind_direction = 55.0
yaw_angles = np.array([0., 0., 0., 0., 0., 0., 0., 0., 0., 0., 0., 0., 0., 0., 0., 0., 0.,
       0., 0., 0., 0., 0., 0., 0., 0.])
wind_direction = 56.0
yaw_angles = np.array([0., 0., 0., 0., 0., 0., 0., 0., 0., 0., 0., 0., 0., 0., 0., 0., 0.,
       0., 0., 0., 0., 0., 0., 0., 0.])
wind_direction = 57.0
yaw_angles = np.array([0., 0., 0., 0., 0., 0., 0., 0., 0., 0., 0., 0., 0., 0., 0., 0., 0.,
       0., 0., 0., 0., 0., 0., 0., 0.])
wind_direction = 58.0
yaw_angles = np.array([0., 0., 0., 0., 0., 0., 0., 0., 0., 0., 0., 0., 0., 0., 0., 0., 0.,
       0., 0., 0., 0., 0., 0., 0., 0.])
wind_direction = 59.0
yaw_angles = np.array([0., 0., 0., 0., 0., 0., 0., 0., 0., 0., 0., 0., 0., 0., 0., 0., 0.,
       0., 0., 0., 0., 0., 0., 0., 0.])
wind_direction = 60.0
yaw_angles = np.array([0., 0., 0., 0., 0., 0., 0., 0., 0., 0., 0., 0., 0., 0., 0., 0., 0.,
       0., 0., 0., 0., 0., 0., 0., 0.])
wind_direction = 61.0
yaw_angles = np.array([0., 0., 0., 0., 0., 0., 0., 0., 0., 0., 0., 0., 0., 0., 0., 0., 0.,
       0., 0., 0., 0., 0., 0., 0., 0.])
wind_direction = 62.0
yaw_angles = np.array([0., 0., 0., 0., 0., 0., 0., 0., 0., 0., 0., 0., 0., 0., 0., 0., 0.,
       0., 0., 0., 0., 0., 0., 0., 0.])
wind_direction = 63.0
yaw_angles = np.array([0., 0., 0., 0., 0., 0., 0., 0., 0., 0., 0., 0., 0., 0., 0., 0., 0.,
       0., 0., 0., 0., 0., 0., 0., 0.])
wind_direction = 64.0
yaw_angles = np.array([19.47470559, 19.5919011 , 19.52872603, 17.90871117, 17.62290977,
       18.07739074,  0.        , 18.06467252, 17.51022132, 17.81700221,
       16.19039733,  0.        , 16.18165709,  0.        , 15.89135755,
        0.        ,  0.        ,  0.        ,  0.        ,  0.        ,
        0.        ,  0.        ,  0.        ,  0.        ,  0.        ])
wind_direction = 65.0
yaw_angles = np.array([16.69547492, 16.70943865, 16.69079891, 16.23332123, 16.15376975,
       16.2449593 ,  0.        , 16.23629022, 16.10793101, 16.17330958,
       15.37883765,  0.        , 15.37847968,  0.        , 15.36381276,
        0.        ,  0.        ,  0.        ,  0.        ,  0.        ,
        0.        ,  0.        ,  0.        ,  0.        ,  0.        ])
wind_direction = 66.0
yaw_angles = np.array([16.0471146 , 16.04722681, 16.04652144,  9.28847338, 16.03057493,
       13.14523309,  0.        , 13.14477949, 16.9826037 , 11.62036086,
       10.53314521,  0.        ,  4.83263639,  0.        ,  5.01571087,
        0.        ,  0.        ,  0.        ,  0.        ,  0.        ,
        0.        ,  0.        ,  0.        ,  0.        ,  0.        ])
wind_direction = 67.0
yaw_angles = np.array([12.5746073 , 12.2814297 , 12.19768521,  8.73851367, 11.23629569,
        8.46974957,  0.        ,  8.38270647, 12.58785863,  8.35365123,
        8.47418731,  0.        ,  8.42006817,  0.        ,  8.28544576,
        0.        ,  0.        ,  0.        ,  0.        ,  0.        ,
        0.        ,  0.        ,  0.        ,  0.        ,  0.        ])
wind_direction = 68.0
yaw_angles = np.array([5.11270596, 4.98537531, 4.95251717, 1.66342323, 4.47879416,
       1.74481564, 0.        , 1.721401  , 7.16500116, 1.70808846,
       5.39772353, 0.        , 5.36303414, 0.        , 5.28446198,
       0.        , 0.        , 0.        , 0.        , 0.        ,
       0.        , 0.        , 0.        , 0.        , 0.        ])
wind_direction = 69.0
yaw_angles = np.array([0., 0., 0., 0., 0., 0., 0., 0., 0., 0., 0., 0., 0., 0., 0., 0., 0.,
       0., 0., 0., 0., 0., 0., 0., 0.])
wind_direction = 70.0
yaw_angles = np.array([0., 0., 0., 0., 0., 0., 0., 0., 0., 0., 0., 0., 0., 0., 0., 0., 0.,
       0., 0., 0., 0., 0., 0., 0., 0.])
wind_direction = 71.0
yaw_angles = np.array([0., 0., 0., 0., 0., 0., 0., 0., 0., 0., 0., 0., 0., 0., 0., 0., 0.,
       0., 0., 0., 0., 0., 0., 0., 0.])
wind_direction = 72.0
yaw_angles = np.array([0., 0., 0., 0., 0., 0., 0., 0., 0., 0., 0., 0., 0., 0., 0., 0., 0.,
       0., 0., 0., 0., 0., 0., 0., 0.])
wind_direction = 73.0
yaw_angles = np.array([10.67827014, 10.68258439, 10.68147208, 10.66814002, 10.66414033,
        0.        , 10.66901091, 10.66804498, 10.66135345,  0.        ,
        0.        ,  0.        ,  0.        ,  0.        ,  0.        ,
        0.        ,  0.        ,  0.        ,  0.        ,  0.        ,
        0.        ,  0.        ,  0.        ,  0.        ,  0.        ])
wind_direction = 74.0
yaw_angles = np.array([14.04243215, 14.08197119, 14.00534456, 13.46362952,  8.59166331,
        0.        ,  8.26041845,  8.18060281,  8.12037459,  0.        ,
        0.        ,  0.        ,  0.        ,  0.        ,  0.        ,
        0.        ,  0.        ,  0.        ,  0.        ,  0.        ,
        0.        ,  0.        ,  0.        ,  0.        ,  0.        ])
wind_direction = 75.0
yaw_angles = np.array([0., 0., 0., 0., 0., 0., 0., 0., 0., 0., 0., 0., 0., 0., 0., 0., 0.,
       0., 0., 0., 0., 0., 0., 0., 0.])
wind_direction = 76.0
yaw_angles = np.array([0., 0., 0., 0., 0., 0., 0., 0., 0., 0., 0., 0., 0., 0., 0., 0., 0.,
       0., 0., 0., 0., 0., 0., 0., 0.])
wind_direction = 77.0
yaw_angles = np.array([0., 0., 0., 0., 0., 0., 0., 0., 0., 0., 0., 0., 0., 0., 0., 0., 0.,
       0., 0., 0., 0., 0., 0., 0., 0.])
wind_direction = 78.0
yaw_angles = np.array([0., 0., 0., 0., 0., 0., 0., 0., 0., 0., 0., 0., 0., 0., 0., 0., 0.,
       0., 0., 0., 0., 0., 0., 0., 0.])
wind_direction = 79.0
yaw_angles = np.array([0., 0., 0., 0., 0., 0., 0., 0., 0., 0., 0., 0., 0., 0., 0., 0., 0.,
       0., 0., 0., 0., 0., 0., 0., 0.])
wind_direction = 80.0
yaw_angles = np.array([0., 0., 0., 0., 0., 0., 0., 0., 0., 0., 0., 0., 0., 0., 0., 0., 0.,
       0., 0., 0., 0., 0., 0., 0., 0.])
wind_direction = 81.0
yaw_angles = np.array([0., 0., 0., 0., 0., 0., 0., 0., 0., 0., 0., 0., 0., 0., 0., 0., 0.,
       0., 0., 0., 0., 0., 0., 0., 0.])
wind_direction = 82.0
yaw_angles = np.array([0., 0., 0., 0., 0., 0., 0., 0., 0., 0., 0., 0., 0., 0., 0., 0., 0.,
       0., 0., 0., 0., 0., 0., 0., 0.])
wind_direction = 83.0
yaw_angles = np.array([0., 0., 0., 0., 0., 0., 0., 0., 0., 0., 0., 0., 0., 0., 0., 0., 0.,
       0., 0., 0., 0., 0., 0., 0., 0.])
wind_direction = 84.0
yaw_angles = np.array([0., 0., 0., 0., 0., 0., 0., 0., 0., 0., 0., 0., 0., 0., 0., 0., 0.,
       0., 0., 0., 0., 0., 0., 0., 0.])
wind_direction = 85.0
yaw_angles = np.array([0., 0., 0., 0., 0., 0., 0., 0., 0., 0., 0., 0., 0., 0., 0., 0., 0.,
       0., 0., 0., 0., 0., 0., 0., 0.])
wind_direction = 86.0
yaw_angles = np.array([0., 0., 0., 0., 0., 0., 0., 0., 0., 0., 0., 0., 0., 0., 0., 0., 0.,
       0., 0., 0., 0., 0., 0., 0., 0.])
wind_direction = 87.0
yaw_angles = np.array([0., 0., 0., 0., 0., 0., 0., 0., 0., 0., 0., 0., 0., 0., 0., 0., 0.,
       0., 0., 0., 0., 0., 0., 0., 0.])
wind_direction = 88.0
yaw_angles = np.array([0., 0., 0., 0., 0., 0., 0., 0., 0., 0., 0., 0., 0., 0., 0., 0., 0.,
       0., 0., 0., 0., 0., 0., 0., 0.])
wind_direction = 89.0
yaw_angles = np.array([0., 0., 0., 0., 0., 0., 0., 0., 0., 0., 0., 0., 0., 0., 0., 0., 0.,
       0., 0., 0., 0., 0., 0., 0., 0.])
